/*--------------------------------*- C++ -*----------------------------------*\
| =========                 |                                                 |
| \\      /  F ield         | OpenFOAM: The Open Source CFD Toolbox           |
|  \\    /   O peration     | Version:  4.0                                   |
|   \\  /    A nd           | Web:      www.OpenFOAM.org                      |
|    \\/     M anipulation  |                                                 |
\*---------------------------------------------------------------------------*/
FoamFile
{
    version     2.0;
    format      ascii;
    class       cellSet;
    location    "constant/polyMesh/sets";
    object      distributor;
}
// * * * * * * * * * * * * * * * * * * * * * * * * * * * * * * * * * * * * * //


9060
(
32784 
32786 
32787 
32789 
32790 
32791 
32792 
32793 
32794 
32795 
32796 
32798 
32800 
32802 
32803 
32804 
32805 
32806 
32807 
32808 
32809 
32810 
32812 
32813 
32815 
32816 
32818 
32819 
32820 
32821 
32822 
32823 
32824 
32825 
32826 
32828 
32830 
32832 
32833 
32834 
32835 
32836 
32837 
32838 
32839 
32840 
33241 
33243 
33244 
33246 
33247 
33248 
33249 
33250 
33251 
33252 
33253 
33255 
33257 
33259 
33260 
33261 
33262 
33263 
33264 
33265 
33266 
33267 
33269 
33270 
33272 
33273 
33275 
33276 
33277 
33278 
33279 
33280 
33281 
33282 
33283 
33285 
33287 
33289 
33290 
33291 
33292 
33293 
33294 
33295 
33296 
33297 
33772 
33774 
33775 
33777 
33778 
33779 
33780 
33781 
33782 
33783 
33784 
33786 
33788 
33790 
33791 
33792 
33793 
33794 
33795 
33796 
33797 
33798 
33800 
33801 
33803 
33804 
33806 
33807 
33808 
33809 
33810 
33811 
33812 
33813 
33814 
33816 
33818 
33820 
33821 
33822 
33823 
33824 
33825 
33826 
33827 
33828 
165053 
165054 
165055 
165056 
165057 
165058 
165059 
165067 
165068 
165069 
165070 
165071 
165072 
165073 
165074 
165075 
165076 
165077 
165078 
165079 
165080 
165088 
165089 
165090 
165091 
165092 
165093 
165094 
165102 
165103 
165104 
165105 
165106 
165107 
165108 
165116 
165117 
165118 
165119 
165120 
165121 
165122 
165130 
165131 
165132 
165133 
165134 
165135 
165136 
165137 
165138 
165139 
165140 
165141 
165142 
165143 
165147 
165148 
165149 
165150 
165151 
165152 
165156 
165157 
165158 
165159 
165160 
165161 
165165 
165166 
165167 
165168 
165169 
165170 
165178 
165179 
165180 
165181 
165182 
165183 
165184 
165192 
165193 
165194 
165195 
165196 
165197 
165198 
165206 
165207 
165208 
165209 
165210 
165211 
165212 
165213 
165214 
165215 
165216 
165217 
165218 
165219 
34237 
34239 
34240 
34242 
34243 
34244 
34245 
34246 
34247 
34248 
34249 
34251 
34253 
34255 
34256 
34257 
34258 
34259 
34260 
34261 
34262 
34263 
34265 
34266 
34268 
34269 
34271 
34272 
34273 
34274 
34275 
34276 
34277 
34278 
34279 
34281 
34283 
34285 
34286 
34287 
34288 
34289 
34290 
34291 
34292 
34293 
34670 
34672 
34673 
34675 
34676 
34677 
34678 
34679 
34680 
34681 
34682 
34684 
34686 
34688 
34689 
34690 
34691 
34692 
34693 
34694 
34695 
34696 
34698 
34699 
34701 
34702 
34704 
34705 
34706 
34707 
34708 
34709 
34710 
34711 
34712 
34714 
34716 
34718 
34719 
34720 
34721 
34722 
34723 
34724 
34725 
34726 
35103 
35105 
35106 
35108 
35109 
35110 
35111 
35112 
35113 
35114 
35115 
35117 
35119 
35121 
35122 
35123 
35124 
35125 
35126 
35127 
35128 
35129 
35131 
35132 
35134 
35135 
35137 
35138 
35139 
35140 
35141 
35142 
35143 
35144 
35145 
35147 
35149 
35151 
35152 
35153 
35154 
35155 
35156 
35157 
35158 
35159 
35536 
35538 
35539 
35541 
35542 
35543 
35544 
35545 
35546 
35547 
35548 
35550 
35552 
35554 
35555 
35556 
35557 
35558 
35559 
35560 
35561 
35562 
35564 
35565 
35567 
35568 
35570 
35571 
35572 
35573 
35574 
35575 
35576 
35577 
35578 
35580 
35582 
35584 
35585 
35586 
35587 
35588 
35589 
35590 
35591 
35592 
166820 
166821 
166822 
166823 
166824 
166825 
166826 
166834 
166835 
166836 
166837 
166838 
166839 
166840 
166841 
166842 
166843 
166844 
166845 
166846 
166847 
166855 
166856 
166857 
166858 
166859 
166860 
166861 
166869 
166870 
166871 
166872 
166873 
166874 
166875 
166883 
166884 
166885 
166886 
166887 
166888 
166889 
166897 
166898 
166899 
166900 
166901 
166902 
166903 
166904 
166905 
166906 
166907 
166908 
166909 
166910 
166914 
166915 
166916 
166917 
166918 
166919 
166923 
166924 
166925 
166926 
166927 
166928 
166932 
166933 
166934 
166935 
166936 
166937 
166945 
166946 
166947 
166948 
166949 
166950 
166951 
166959 
166960 
166961 
166962 
166963 
166964 
166965 
166973 
166974 
166975 
166976 
166977 
166978 
166979 
166980 
166981 
166982 
166983 
166984 
166985 
166986 
35969 
35971 
35972 
35974 
35975 
35976 
35977 
35978 
35979 
35980 
35981 
35983 
35985 
35987 
35988 
35989 
35990 
35991 
35992 
35993 
35994 
35995 
35997 
35998 
36000 
36001 
36003 
36004 
36005 
36006 
36007 
36008 
36009 
36010 
36011 
36013 
36015 
36017 
36018 
36019 
36020 
36021 
36022 
36023 
36024 
36025 
36402 
36404 
36405 
36407 
36408 
36409 
36410 
36411 
36412 
36413 
36414 
36416 
36418 
36420 
36421 
36422 
36423 
36424 
36425 
36426 
36427 
36428 
36430 
36431 
36433 
36434 
36436 
36437 
36438 
36439 
36440 
36441 
36442 
36443 
36444 
36446 
36448 
36450 
36451 
36452 
36453 
36454 
36455 
36456 
36457 
36458 
36835 
36837 
36838 
36840 
36841 
36842 
36843 
36844 
36845 
36846 
36847 
36849 
36851 
36853 
36854 
36855 
36856 
36857 
36858 
36859 
36860 
36861 
36863 
36864 
36866 
36867 
36869 
36870 
36871 
36872 
36873 
36874 
36875 
36876 
36877 
36879 
36881 
36883 
36884 
36885 
36886 
36887 
36888 
36889 
36890 
36891 
37380 
37382 
37383 
37385 
37386 
37387 
37388 
37389 
37390 
37391 
37392 
37395 
37396 
37397 
37399 
37400 
37401 
37402 
37403 
37404 
37405 
37406 
37408 
37409 
37411 
37412 
37414 
37415 
37416 
37417 
37418 
37419 
37420 
37421 
37422 
37425 
37426 
37427 
37429 
37430 
37431 
37432 
37433 
37434 
37435 
37436 
168709 
168710 
168711 
168712 
168713 
168714 
168715 
168723 
168724 
168725 
168726 
168727 
168728 
168729 
168730 
168731 
168732 
168733 
168734 
168735 
168736 
168744 
168745 
168746 
168747 
168748 
168749 
168750 
168758 
168759 
168760 
168761 
168762 
168763 
168764 
168772 
168773 
168774 
168775 
168776 
168777 
168778 
168786 
168787 
168788 
168789 
168790 
168791 
168792 
168793 
168794 
168795 
168796 
168797 
168798 
168799 
168803 
168804 
168805 
168806 
168807 
168808 
168812 
168813 
168814 
168815 
168816 
168817 
168821 
168822 
168823 
168824 
168825 
168826 
168834 
168835 
168836 
168837 
168838 
168839 
168840 
168848 
168849 
168850 
168851 
168852 
168853 
168854 
168862 
168863 
168864 
168865 
168866 
168867 
168868 
168869 
168870 
168871 
168872 
168873 
168874 
168875 
137589 
137590 
137591 
170518 
170519 
170520 
170521 
170522 
170523 
170524 
170532 
170533 
170534 
170535 
170536 
170537 
170538 
170539 
170540 
170541 
170542 
170543 
170544 
170545 
170553 
170554 
170555 
170556 
170557 
170558 
170559 
170567 
170568 
170569 
170570 
170571 
170572 
170573 
170581 
170582 
170583 
170584 
170585 
170586 
170587 
170595 
170596 
170597 
170598 
170599 
170600 
170601 
170602 
170603 
170604 
170605 
170606 
170607 
170608 
170612 
170613 
170614 
170615 
170616 
170617 
170621 
170622 
170623 
170624 
170625 
170626 
170630 
170631 
170632 
170633 
170634 
170635 
170643 
170644 
170645 
170646 
170647 
170648 
170649 
170657 
170658 
170659 
170660 
170661 
170662 
170663 
170671 
170672 
170673 
170674 
170675 
170676 
170677 
170678 
170679 
170680 
170681 
170682 
170683 
170684 
39886 
39887 
39888 
39889 
39890 
39891 
39892 
39897 
39898 
39899 
39900 
39915 
39916 
39917 
39918 
39919 
39920 
39921 
39922 
39923 
39924 
39925 
39926 
39927 
39928 
39929 
39930 
39931 
39932 
39933 
39934 
39935 
39936 
39937 
39938 
39939 
39940 
39941 
39942 
39943 
39944 
39945 
39946 
39947 
39948 
39949 
39950 
39951 
39952 
39953 
39954 
39955 
39956 
39957 
39958 
39959 
39960 
39961 
39962 
39963 
39964 
39965 
39966 
39967 
39968 
39969 
39970 
39971 
39972 
39987 
39988 
39989 
39990 
39991 
39992 
39993 
40001 
40002 
40003 
40004 
40005 
40006 
40007 
40008 
40009 
40010 
40011 
40012 
40013 
40014 
40015 
40016 
40017 
40018 
40019 
40020 
40021 
40022 
40023 
40024 
40025 
40026 
40027 
40028 
40029 
40030 
40031 
40032 
40033 
40034 
40035 
40036 
40037 
40038 
40039 
40040 
40041 
40042 
40043 
40044 
40045 
40046 
40047 
40048 
40049 
40050 
40051 
40052 
40053 
40054 
40055 
40056 
40057 
40058 
40059 
40060 
40061 
40062 
40063 
40064 
40065 
40066 
40067 
40068 
40069 
40070 
40071 
40072 
40073 
40074 
40075 
40076 
40077 
40078 
40079 
40080 
40081 
40082 
40083 
40084 
40085 
40086 
40087 
40088 
40089 
40090 
40091 
40092 
40093 
40094 
40095 
40096 
40097 
40098 
40099 
40100 
40101 
40102 
40103 
40104 
40105 
40106 
40107 
138412 
40108 
138413 
40109 
138414 
40110 
138418 
138419 
138420 
138428 
138429 
40125 
138430 
40126 
138431 
40127 
138432 
40128 
138433 
40129 
138434 
40130 
40131 
138442 
138443 
40139 
138444 
40140 
138445 
40141 
138446 
40142 
138447 
40143 
138448 
40144 
138449 
40145 
138450 
40146 
138451 
40147 
138452 
40148 
138453 
40149 
138454 
40150 
138455 
40151 
40152 
40153 
40154 
40155 
40156 
40157 
40158 
138463 
40159 
138464 
40160 
138465 
40161 
138466 
40162 
138467 
40163 
138468 
40164 
138469 
40165 
40166 
40167 
40168 
40169 
40170 
40171 
40172 
40173 
40174 
40175 
40176 
40177 
40178 
40179 
40180 
40181 
40182 
40183 
40184 
40185 
40186 
40187 
40188 
40189 
40190 
40191 
40192 
40193 
40194 
40195 
40196 
40197 
40198 
40199 
40200 
40201 
139222 
139223 
139224 
139225 
139226 
139227 
139235 
139236 
139237 
139238 
139239 
139240 
139241 
139249 
139250 
139251 
139252 
139253 
139254 
139255 
139256 
139257 
139258 
139259 
139260 
139261 
139262 
139270 
139271 
139272 
139273 
139274 
139275 
139276 
172391 
172392 
172393 
172394 
172395 
172396 
172397 
172405 
172406 
172407 
172408 
172409 
172410 
172411 
172412 
172413 
172414 
172415 
172416 
172417 
172418 
172426 
172427 
172428 
172429 
172430 
172431 
172432 
139669 
139670 
139671 
172440 
139672 
172441 
139673 
172442 
139674 
172443 
172444 
172445 
172446 
139682 
139683 
139684 
139685 
172454 
139686 
172455 
139687 
172456 
139688 
172457 
172458 
172459 
172460 
139696 
139697 
139698 
139699 
172468 
139700 
172469 
139701 
172470 
139702 
172471 
139703 
172472 
139704 
172473 
139705 
172474 
139706 
172475 
139707 
172476 
139708 
172477 
139709 
172478 
172479 
172480 
172481 
172485 
139717 
172486 
139718 
172487 
139719 
172488 
139720 
172489 
139721 
172490 
139722 
139723 
172494 
172495 
172496 
172497 
172498 
172499 
172503 
172504 
172505 
172506 
172507 
172508 
172516 
172517 
172518 
172519 
172520 
172521 
172522 
172530 
172531 
172532 
172533 
172534 
172535 
172536 
172544 
172545 
172546 
172547 
172548 
172549 
172550 
172551 
172552 
172553 
172554 
172555 
172556 
172557 
140116 
140117 
140118 
140119 
140120 
140121 
140129 
140130 
140131 
140132 
140133 
140134 
140135 
140143 
140144 
140145 
140146 
140147 
140148 
140149 
140150 
140151 
140152 
140153 
140154 
140155 
140156 
140164 
140165 
140166 
140167 
140168 
140169 
140170 
140563 
140564 
140565 
140566 
140567 
140568 
140576 
140577 
140578 
140579 
140580 
140581 
140582 
140590 
140591 
140592 
140593 
140594 
140595 
140596 
140597 
140598 
140599 
140600 
140601 
140602 
140603 
140611 
140612 
140613 
140614 
140615 
140616 
140617 
141010 
141011 
141012 
141013 
141014 
141015 
141023 
141024 
141025 
141026 
141027 
141028 
141029 
141037 
141038 
141039 
141040 
141041 
141042 
141043 
141044 
141045 
141046 
141047 
141048 
108280 
141049 
108281 
141050 
108282 
108286 
108287 
108288 
141058 
141059 
141060 
141061 
141062 
141063 
141064 
141457 
141458 
141459 
141460 
141461 
141462 
141470 
141471 
141472 
141473 
141474 
141475 
141476 
141484 
141485 
141486 
141487 
141488 
141489 
141490 
141491 
141492 
141493 
141494 
141495 
174264 
141496 
174265 
141497 
174266 
174267 
174268 
174269 
174270 
141505 
141506 
141507 
141508 
141509 
174278 
141510 
174279 
141511 
174280 
174281 
174282 
174283 
174284 
174285 
174286 
174287 
174288 
174289 
174290 
174291 
174299 
174300 
174301 
174302 
174303 
174304 
174305 
174313 
174314 
174315 
174316 
174317 
174318 
174319 
174327 
174328 
174329 
174330 
174331 
174332 
174333 
174341 
174342 
174343 
174344 
174345 
174346 
174347 
174348 
174349 
174350 
174351 
174352 
174353 
174354 
174358 
174359 
174360 
174361 
174362 
174363 
174367 
174368 
174369 
174370 
174371 
174372 
174376 
174377 
174378 
174379 
174380 
174381 
174389 
174390 
174391 
174392 
174393 
174394 
174395 
174403 
174404 
174405 
174406 
174407 
174408 
174409 
174417 
174418 
174419 
174420 
174421 
174422 
174423 
174424 
174425 
174426 
174427 
174428 
174429 
174430 
141904 
141905 
141906 
141907 
141908 
141909 
141917 
141918 
141919 
141920 
141921 
141922 
141923 
141931 
141932 
141933 
141934 
141935 
141936 
141937 
141938 
141939 
141940 
141941 
141942 
141943 
141944 
141952 
141953 
141954 
141955 
141956 
141957 
141958 
142284 
142285 
142286 
142287 
142288 
142289 
142297 
142298 
142299 
142300 
142301 
142302 
142303 
142311 
142312 
142313 
142314 
142315 
142316 
142317 
142318 
142319 
142320 
142321 
142322 
142323 
142324 
142332 
142333 
142334 
142335 
142336 
142337 
142338 
142769 
142770 
142771 
142772 
142773 
142774 
142782 
142783 
142784 
142785 
142786 
142787 
142788 
142796 
142797 
142798 
142799 
142800 
142801 
142802 
142803 
142804 
142805 
142806 
142807 
142808 
142809 
142817 
142818 
142819 
142820 
142821 
142822 
142823 
143184 
143185 
143186 
143187 
143188 
143189 
143197 
143198 
143199 
143200 
143201 
143202 
143203 
143211 
143212 
143213 
143214 
143215 
143216 
143217 
143218 
143219 
143220 
143221 
143222 
143223 
143224 
143232 
143233 
143234 
143235 
143236 
143237 
143238 
176137 
176138 
176139 
176140 
176141 
176142 
176143 
176151 
176152 
176153 
176154 
176155 
176156 
176157 
176158 
176159 
176160 
176161 
176162 
176163 
176164 
176172 
176173 
176174 
176175 
176176 
176177 
176178 
176186 
176187 
176188 
176189 
176190 
176191 
176192 
176200 
176201 
176202 
176203 
176204 
176205 
176206 
176214 
176215 
176216 
176217 
176218 
176219 
176220 
176221 
176222 
176223 
176224 
176225 
176226 
176227 
176231 
176232 
176233 
176234 
176235 
176236 
176240 
176241 
176242 
176243 
176244 
176245 
176249 
176250 
176251 
176252 
176253 
176254 
176262 
176263 
176264 
176265 
176266 
176267 
176268 
176276 
176277 
176278 
176279 
176280 
176281 
176282 
176290 
176291 
176292 
176293 
176294 
176295 
176296 
176297 
176298 
176299 
176300 
176301 
176302 
176303 
143711 
143712 
143713 
143714 
143715 
143716 
143724 
143725 
143726 
143727 
143728 
143729 
143730 
143738 
143739 
143740 
143741 
143742 
143743 
143744 
143745 
143746 
143747 
143748 
143749 
143750 
143751 
143759 
143760 
143761 
143762 
143763 
143764 
143765 
144140 
144141 
144142 
144143 
144144 
144145 
144153 
144154 
144155 
144156 
144157 
144158 
144159 
144167 
144168 
144169 
144170 
144171 
144172 
144173 
144174 
144175 
144176 
144177 
144178 
144179 
144180 
144188 
144189 
144190 
144191 
144192 
144193 
144194 
46169 
46170 
46173 
46174 
144569 
144570 
144571 
144572 
144573 
144574 
144582 
144583 
144584 
144585 
144586 
144587 
144588 
144596 
144597 
144598 
144599 
144600 
144601 
144602 
144603 
144604 
144605 
144606 
144607 
144608 
144609 
144617 
144618 
144619 
144620 
144621 
144622 
144623 
46338 
46339 
46340 
46341 
46342 
46343 
46344 
46345 
46346 
46347 
46348 
46349 
46350 
46351 
46352 
46353 
46354 
46355 
46356 
46357 
46358 
46359 
46360 
46361 
46362 
46363 
46364 
46365 
46366 
46367 
46368 
46369 
46370 
46371 
46372 
46373 
46374 
46375 
46376 
46377 
46420 
46421 
46422 
46423 
46424 
46425 
46426 
46427 
46428 
46429 
46430 
46431 
46432 
46433 
46434 
46435 
46436 
46437 
46438 
46439 
46440 
46441 
46442 
46443 
46444 
46445 
46446 
46447 
46448 
46449 
46450 
46451 
46452 
46453 
46454 
46455 
46456 
46457 
46458 
46459 
46502 
46503 
46504 
46505 
46506 
46507 
46508 
46509 
46510 
46511 
46512 
46513 
46514 
46515 
46516 
46517 
46518 
46519 
46520 
46521 
46522 
46523 
46524 
46525 
46526 
46527 
46528 
46529 
46530 
46531 
46532 
46533 
46534 
46535 
46536 
46537 
46538 
46539 
46540 
46541 
46584 
46585 
46586 
46587 
46588 
46589 
46590 
46591 
46592 
46593 
46594 
46595 
46596 
46597 
46598 
46599 
46600 
46601 
46602 
46603 
46604 
46605 
46606 
46607 
46608 
46609 
46610 
46611 
46612 
46613 
46614 
46615 
46616 
46617 
46618 
46619 
46620 
46621 
46622 
46623 
46666 
46667 
46668 
46669 
46670 
46671 
46672 
46673 
46674 
46675 
46676 
46677 
46678 
46679 
46680 
46681 
46682 
46683 
46684 
46685 
46686 
46687 
46688 
46689 
46690 
46691 
46692 
46693 
144998 
46694 
144999 
46695 
145000 
46696 
145001 
46697 
145002 
46698 
145003 
46699 
46700 
46701 
46702 
46703 
46704 
46705 
145011 
145012 
145013 
145014 
145015 
145016 
145017 
145025 
145026 
145027 
145028 
145029 
145030 
145031 
145032 
145033 
145034 
145035 
145036 
145037 
145038 
145046 
145047 
145048 
145049 
145050 
145051 
145052 
46748 
46749 
46750 
46751 
46752 
46753 
46754 
46755 
46756 
46757 
46758 
46759 
46760 
46761 
46762 
46763 
46764 
46765 
46766 
46767 
46768 
46769 
46770 
46771 
46772 
46773 
46774 
46775 
46776 
46777 
46778 
46779 
46780 
46781 
46782 
46783 
46784 
46785 
46786 
46787 
46830 
46831 
46832 
46833 
46834 
46835 
46836 
46837 
46838 
46839 
46840 
46841 
46842 
46843 
46844 
46845 
46846 
46847 
46848 
46849 
46850 
46851 
46852 
46853 
46854 
46855 
46856 
46857 
46858 
46859 
46860 
46861 
46862 
46863 
46864 
46865 
46866 
46867 
46868 
46869 
46912 
46913 
46914 
46915 
46916 
46917 
46918 
46919 
46920 
46921 
46922 
46923 
46924 
46925 
46926 
46927 
46928 
46929 
46930 
46931 
46932 
46933 
46934 
46935 
46936 
46937 
178010 
46938 
178011 
46939 
178012 
46940 
178013 
46941 
178014 
46942 
178015 
46943 
178016 
46944 
46945 
46946 
46947 
46948 
46949 
46950 
46951 
178024 
178025 
178026 
178027 
178028 
178029 
178030 
178031 
178032 
178033 
178034 
178035 
178036 
178037 
178045 
178046 
178047 
178048 
178049 
178050 
178051 
178059 
178060 
178061 
178062 
178063 
178064 
178065 
178073 
178074 
178075 
178076 
178077 
178078 
178079 
178087 
178088 
178089 
178090 
178091 
178092 
178093 
178094 
178095 
178096 
178097 
178098 
178099 
178100 
178104 
178105 
178106 
178107 
178108 
178109 
178113 
178114 
178115 
178116 
178117 
178118 
178122 
178123 
178124 
47052 
178125 
47053 
178126 
47054 
178127 
47055 
47056 
47057 
47058 
47059 
47060 
47061 
47062 
178135 
47063 
178136 
47064 
178137 
47065 
178138 
47066 
178139 
47067 
178140 
47068 
178141 
47069 
47070 
47071 
47072 
47073 
47074 
47075 
47076 
178149 
47077 
178150 
47078 
178151 
47079 
178152 
47080 
178153 
47081 
178154 
47082 
178155 
47083 
47084 
47085 
47086 
47087 
47088 
47089 
47090 
178163 
47091 
178164 
178165 
178166 
178167 
178168 
178169 
178170 
178171 
178172 
178173 
178174 
178175 
178176 
145427 
145428 
145429 
145430 
145431 
145432 
47134 
47135 
145440 
47136 
145441 
47137 
145442 
47138 
145443 
47139 
145444 
47140 
145445 
47141 
145446 
47142 
47143 
47144 
47145 
47146 
47147 
47148 
47149 
145454 
47150 
145455 
47151 
145456 
47152 
145457 
47153 
145458 
47154 
145459 
47155 
145460 
47156 
145461 
47157 
145462 
47158 
145463 
47159 
145464 
47160 
145465 
47161 
145466 
47162 
145467 
47163 
47164 
47165 
47166 
47167 
47168 
47169 
47170 
145475 
47171 
145476 
47172 
145477 
47173 
145478 
145479 
145480 
145481 
47237 
47238 
47239 
47240 
47241 
47242 
47243 
47244 
47245 
47246 
47247 
47248 
47249 
47250 
47251 
47252 
47253 
47254 
47255 
47256 
47257 
47258 
47259 
47260 
47261 
47262 
47263 
47264 
47265 
47266 
47267 
47268 
47269 
47270 
47271 
47272 
47273 
47274 
47275 
47276 
47319 
47320 
47321 
47322 
47323 
47324 
47325 
47326 
47327 
47328 
47329 
47330 
47331 
47332 
47333 
47334 
47335 
47336 
47337 
47338 
47339 
47340 
47341 
47342 
47343 
47344 
47345 
47346 
47347 
47348 
47349 
47350 
47351 
47352 
47353 
47354 
47355 
47356 
47357 
47358 
47401 
47402 
47403 
47404 
47405 
47406 
47407 
47408 
47409 
47410 
47411 
47412 
47413 
47414 
47415 
47416 
47417 
47418 
47419 
47420 
47421 
47422 
47423 
47424 
47425 
47426 
47427 
47428 
47429 
47430 
47431 
47432 
47433 
47434 
47435 
47436 
47437 
47438 
47439 
47440 
47483 
47484 
47485 
47486 
47487 
47488 
47489 
47490 
47491 
47492 
47493 
47494 
47495 
47496 
47497 
47498 
47499 
47500 
47501 
47502 
47503 
47504 
47505 
47506 
47507 
47508 
47509 
47510 
47511 
47512 
47513 
47514 
47515 
47516 
47517 
47518 
47519 
47520 
47521 
47522 
47565 
47566 
47567 
47568 
47569 
47570 
47571 
47572 
47573 
47574 
47575 
47576 
47577 
47578 
47579 
47580 
47581 
47582 
47583 
47584 
47585 
47586 
47587 
47588 
47589 
47590 
47591 
47592 
47593 
47594 
47595 
47596 
47597 
47598 
47599 
47600 
47601 
47602 
47603 
47604 
145933 
145934 
145935 
145936 
145937 
145938 
145946 
145947 
145948 
145949 
145950 
145951 
47647 
145952 
47648 
47649 
47650 
47651 
47652 
47653 
47654 
47655 
145960 
47656 
145961 
47657 
145962 
47658 
145963 
47659 
145964 
47660 
145965 
47661 
145966 
47662 
145967 
47663 
145968 
47664 
145969 
47665 
145970 
47666 
145971 
47667 
145972 
47668 
145973 
47669 
47670 
47671 
47672 
47673 
47674 
47675 
47676 
145981 
47677 
145982 
47678 
145983 
47679 
145984 
47680 
145985 
47681 
145986 
47682 
145987 
47683 
47684 
47685 
47686 
47729 
47730 
47731 
47732 
47733 
47734 
47735 
47736 
47737 
47738 
47739 
47740 
47741 
47742 
47743 
47744 
47745 
47746 
47747 
47748 
47749 
47750 
47751 
47752 
47753 
47754 
47755 
47756 
47757 
47758 
47759 
47760 
47761 
47762 
47763 
47764 
47765 
47766 
47767 
47768 
47825 
47826 
47827 
47828 
47829 
47830 
47831 
47839 
47840 
47841 
47842 
47843 
47844 
47845 
47846 
47847 
47848 
47852 
47853 
47854 
47855 
47856 
47857 
47861 
47862 
47863 
47864 
47865 
47866 
47867 
47868 
47869 
47870 
47878 
47879 
47880 
47881 
47882 
47883 
47884 
15280 
15282 
15284 
15286 
179883 
179884 
179885 
179886 
179887 
179888 
179889 
179897 
179898 
179899 
179900 
179901 
179902 
179903 
179904 
179905 
179906 
179907 
179908 
179909 
179910 
179918 
179919 
179920 
179921 
179922 
179923 
179924 
179932 
179933 
179934 
179935 
179936 
179937 
179938 
179946 
179947 
179948 
179949 
179950 
179951 
179952 
179960 
179961 
179962 
179963 
179964 
179965 
179966 
179967 
179968 
179969 
179970 
179971 
179972 
179973 
179977 
179978 
179979 
179980 
179981 
179982 
179986 
179987 
179988 
179989 
179990 
179991 
179995 
179996 
179997 
179998 
179999 
180000 
16165 
180008 
16168 
180009 
180010 
180011 
180012 
180013 
180014 
180022 
180023 
180024 
180025 
180026 
180027 
180028 
180036 
180037 
180038 
180039 
180040 
180041 
180042 
180043 
180044 
180045 
180046 
180047 
180048 
180049 
49033 
49034 
147515 
147516 
147517 
147518 
147519 
147520 
147528 
147529 
147530 
147531 
147532 
147533 
147534 
147542 
147543 
147544 
147545 
147546 
147547 
147548 
147549 
147550 
147551 
147552 
147553 
147554 
147555 
147563 
147564 
147565 
147566 
147567 
147568 
147569 
115024 
115025 
115026 
115030 
115031 
115032 
115036 
115037 
115038 
115042 
115043 
115044 
49672 
49673 
49674 
49675 
49676 
49677 
16978 
16980 
16981 
16983 
16985 
16987 
16988 
16990 
17389 
17391 
17392 
17394 
17396 
17398 
17399 
17401 
50204 
50205 
50206 
50207 
50208 
50209 
50210 
50211 
50212 
50213 
50214 
50215 
50216 
50217 
50218 
50219 
50220 
50221 
50222 
50223 
50224 
50225 
50226 
50227 
50228 
50229 
50230 
50231 
50232 
50233 
50234 
50235 
50236 
50237 
50238 
50239 
50240 
50241 
50242 
50243 
50244 
50245 
50246 
50247 
50248 
50249 
50250 
50251 
50252 
50253 
50254 
50255 
50256 
50257 
50258 
50259 
50260 
50261 
50262 
50263 
50264 
50265 
50266 
50267 
50268 
50269 
50270 
50271 
50272 
50273 
50274 
50275 
50276 
50277 
50278 
50279 
50280 
50281 
50282 
50283 
50284 
50285 
50286 
50287 
50288 
50289 
50290 
50291 
50292 
50293 
50294 
50295 
50296 
50297 
50298 
50299 
17531 
50300 
50301 
17533 
50302 
17534 
50303 
50304 
17536 
50305 
50306 
17538 
50307 
50308 
17540 
50309 
17541 
50310 
50311 
17543 
50312 
50313 
50314 
50315 
50316 
50317 
50318 
50319 
50320 
50321 
50322 
50323 
50324 
50325 
50326 
50327 
50328 
50329 
50330 
50331 
50332 
50333 
50334 
50335 
50336 
50337 
50338 
50339 
50340 
50341 
50342 
50343 
50344 
50345 
50346 
50347 
50348 
50349 
50350 
50351 
50352 
50353 
50354 
50355 
50356 
50357 
50358 
50359 
50360 
50361 
50362 
50363 
50364 
50365 
50366 
50367 
50368 
50369 
50370 
50371 
50372 
50373 
50374 
50375 
50376 
50377 
50378 
50379 
50380 
50381 
50382 
50383 
50384 
50385 
50386 
50387 
50388 
50389 
50390 
50391 
50392 
50393 
50394 
50395 
50396 
50397 
50398 
50399 
17673 
17675 
17676 
17678 
17680 
17682 
17683 
17685 
17815 
17817 
17818 
17820 
17822 
50591 
50592 
17824 
50593 
17825 
50594 
50595 
17827 
50596 
50597 
50598 
50599 
50600 
50601 
50602 
50603 
50604 
50605 
50606 
50607 
50608 
50609 
50610 
50611 
50612 
50613 
50614 
50615 
50616 
50617 
50618 
50619 
50620 
50621 
50622 
50623 
50624 
50625 
50626 
50627 
50628 
50629 
50630 
50631 
50632 
50633 
50634 
50635 
50636 
50637 
50638 
50639 
50640 
50641 
50642 
50643 
50644 
50645 
50646 
50647 
50648 
50649 
50650 
50651 
50652 
50653 
50654 
50655 
50656 
50657 
50658 
148963 
50659 
148964 
50660 
148965 
50661 
148966 
50662 
148967 
50663 
148968 
50664 
50665 
50666 
50667 
148972 
50668 
148973 
50669 
148974 
50670 
148975 
50671 
148976 
50672 
148977 
50673 
148978 
50674 
148979 
50675 
148980 
50676 
148981 
50677 
148982 
50678 
148983 
50679 
148984 
50680 
148985 
50681 
148986 
50682 
50683 
181756 
50684 
181757 
50685 
181758 
148990 
50686 
181759 
148991 
50687 
181760 
148992 
50688 
181761 
148993 
50689 
181762 
148994 
50690 
148995 
50691 
148996 
50692 
148997 
50693 
148998 
50694 
50695 
50696 
50697 
181770 
149002 
50698 
181771 
149003 
50699 
181772 
149004 
50700 
181773 
149005 
50701 
181774 
149006 
50702 
181775 
149007 
50703 
181776 
149008 
50704 
181777 
149009 
50705 
181778 
149010 
50706 
181779 
149011 
50707 
181780 
149012 
50708 
181781 
149013 
50709 
181782 
149014 
50710 
181783 
149015 
50711 
149016 
50712 
50713 
50714 
50715 
50716 
50717 
50718 
181791 
50719 
181792 
50720 
181793 
50721 
181794 
50722 
181795 
50723 
181796 
50724 
181797 
50725 
17957 
50726 
50727 
17959 
50728 
17960 
50729 
50730 
17962 
50731 
50732 
17964 
181805 
50733 
181806 
50734 
17966 
181807 
50735 
17967 
181808 
50736 
181809 
50737 
17969 
181810 
50738 
181811 
50739 
50740 
50741 
50742 
50743 
50744 
50745 
50746 
181819 
50747 
181820 
50748 
181821 
50749 
181822 
50750 
181823 
50751 
181824 
50752 
181825 
50753 
50754 
50755 
50756 
50757 
50758 
50759 
50760 
181833 
50761 
181834 
50762 
181835 
50763 
181836 
50764 
181837 
50765 
181838 
50766 
181839 
50767 
181840 
50768 
181841 
50769 
181842 
50770 
181843 
50771 
181844 
50772 
181845 
50773 
181846 
50774 
50775 
50776 
50777 
181850 
50778 
181851 
50779 
181852 
50780 
181853 
50781 
181854 
50782 
181855 
50783 
50784 
50785 
50786 
181859 
181860 
181861 
181862 
181863 
181864 
181868 
181869 
181870 
181871 
181872 
181873 
181881 
181882 
181883 
181884 
181885 
181886 
181887 
181895 
181896 
181897 
181898 
181899 
181900 
181901 
181909 
181910 
181911 
181912 
181913 
181914 
181915 
181916 
181917 
181918 
181919 
181920 
181921 
181922 
18099 
18101 
18102 
18104 
18106 
18108 
18109 
18111 
50978 
50979 
50980 
50981 
50982 
50983 
50984 
50985 
50986 
50987 
50988 
50989 
50990 
50991 
50992 
50993 
50994 
50995 
50996 
50997 
50998 
50999 
51000 
51001 
51002 
51003 
51004 
51005 
51006 
51007 
51008 
51009 
18241 
51010 
51011 
18243 
51012 
18244 
51013 
51014 
18246 
51015 
51016 
18248 
51017 
51018 
18250 
51019 
18251 
51020 
51021 
18253 
51022 
51023 
51024 
51025 
51026 
51027 
51028 
51029 
51030 
51031 
51032 
51033 
51034 
51035 
51036 
51037 
51038 
51039 
51040 
51041 
51042 
51043 
51044 
51045 
51046 
51047 
51048 
51049 
51050 
51051 
51052 
51053 
116590 
51054 
116591 
51055 
116592 
51056 
51057 
51058 
51059 
116596 
51060 
116597 
51061 
116598 
51062 
51063 
51064 
51065 
116602 
51066 
116603 
51067 
116604 
51068 
51069 
51070 
51071 
116608 
51072 
116609 
51073 
116610 
51074 
51075 
51076 
51077 
51078 
51079 
51080 
51081 
51082 
51083 
51084 
51085 
51086 
51087 
51088 
51089 
51090 
51091 
51092 
51093 
51094 
51095 
51096 
51097 
51098 
51099 
51100 
51101 
51102 
51103 
51104 
51105 
51106 
51107 
51108 
51109 
51110 
51111 
51112 
51113 
51114 
51115 
51116 
51117 
51118 
51119 
51120 
51121 
51122 
51123 
51124 
51125 
51126 
51127 
51128 
51129 
51130 
51131 
51132 
51133 
51134 
51135 
51136 
51137 
51138 
51139 
51140 
51141 
51142 
51143 
51144 
51145 
51146 
51147 
51148 
51149 
51150 
51151 
51152 
51153 
51154 
51155 
51156 
51157 
51158 
51159 
51160 
51161 
51162 
51163 
51164 
51165 
51166 
51167 
51168 
51169 
51170 
51171 
51172 
51173 
18410 
18412 
18413 
18415 
18417 
18419 
18420 
18422 
18592 
18594 
18595 
51365 
18597 
51366 
51367 
18599 
51368 
51369 
18601 
51370 
18602 
51371 
51372 
18604 
51373 
51374 
51375 
51376 
51377 
51378 
51379 
51380 
51381 
51382 
51383 
51384 
51385 
51386 
51387 
51388 
51389 
51390 
51391 
51392 
51393 
51394 
51395 
51396 
51397 
51398 
51399 
51400 
51401 
51402 
51403 
51404 
51405 
51406 
51407 
51408 
51409 
51410 
51411 
51412 
51413 
51414 
51415 
51416 
51417 
51418 
51419 
51420 
51421 
51422 
51423 
51424 
51425 
51426 
51427 
51428 
51429 
51430 
51431 
51432 
51433 
51434 
51435 
51436 
51437 
51438 
51439 
51440 
51441 
51442 
51443 
51444 
51445 
51446 
51447 
51448 
51449 
51450 
51451 
51452 
51453 
51454 
51455 
51456 
51457 
51458 
51459 
51460 
51461 
51462 
51463 
51464 
51465 
51466 
51467 
51468 
51469 
51470 
51471 
51472 
51473 
51474 
51475 
51476 
51477 
51478 
51479 
51480 
51481 
51482 
51483 
51484 
51485 
51486 
51487 
51488 
51489 
51490 
51491 
51492 
51493 
51494 
51495 
51496 
51497 
51498 
51499 
51500 
51501 
51502 
51503 
51504 
51505 
51506 
51507 
51508 
51509 
51510 
51511 
51512 
51513 
51514 
51515 
51516 
51517 
51518 
51519 
51520 
51521 
51522 
51523 
51524 
51525 
51526 
18758 
51527 
51528 
18760 
51529 
18761 
51530 
51531 
18763 
51532 
51533 
18765 
51534 
51535 
18767 
51536 
18768 
51537 
51538 
18770 
51539 
51540 
51541 
51542 
51543 
51544 
51545 
51546 
51547 
51548 
51549 
51550 
51551 
51552 
51553 
51554 
51555 
51556 
51557 
51558 
51559 
51560 
18901 
18903 
18904 
18906 
18908 
18910 
18911 
18913 
117245 
117246 
117247 
117251 
117252 
117253 
117257 
117258 
117259 
117263 
117264 
117265 
51752 
51753 
51754 
51755 
51756 
51757 
51758 
51759 
51760 
51761 
51762 
51763 
51764 
51765 
51766 
51767 
51768 
51769 
51770 
51771 
51772 
51773 
51774 
51775 
51776 
51777 
51778 
51779 
51780 
51781 
51782 
51783 
51784 
51785 
51786 
51787 
51788 
51789 
51790 
51791 
51792 
51793 
51794 
51795 
51796 
51797 
51798 
51799 
51800 
51801 
51802 
51803 
51804 
51805 
51806 
51807 
51808 
51809 
51810 
51811 
51812 
19044 
51813 
51814 
19046 
51815 
19047 
51816 
51817 
19049 
51818 
51819 
19051 
51820 
51821 
19053 
51822 
19054 
51823 
51824 
19056 
51825 
51826 
51827 
51828 
51829 
51830 
51831 
51832 
51833 
51834 
51835 
51836 
51837 
51838 
51839 
51840 
51841 
51842 
51843 
51844 
51845 
51846 
51847 
51848 
51849 
51850 
51851 
51852 
51853 
51854 
51855 
51856 
51857 
51858 
51859 
51860 
51861 
51862 
51863 
51864 
51865 
51866 
51867 
51868 
51869 
51870 
51871 
51872 
51873 
51874 
51875 
51876 
51877 
51878 
51879 
51880 
51881 
51882 
51883 
51884 
51885 
51886 
51887 
51888 
51889 
51890 
51891 
51892 
51893 
51894 
51895 
51896 
51897 
51898 
51899 
51900 
51901 
51902 
51903 
51904 
51905 
51906 
51907 
51908 
51909 
51910 
51911 
51912 
51913 
51914 
51915 
51916 
51917 
51918 
51919 
51920 
51921 
51922 
51923 
51924 
51925 
51926 
51927 
51928 
51929 
51930 
51931 
51932 
51933 
51934 
51935 
51936 
51937 
51938 
51939 
51940 
51941 
51942 
51943 
51944 
51945 
51946 
51947 
19187 
19189 
19190 
19192 
19194 
19196 
19197 
19199 
19330 
19332 
19333 
19335 
19337 
19339 
19340 
19342 
52139 
52140 
52141 
52142 
52143 
52144 
52145 
52146 
52147 
52148 
52149 
52150 
52151 
52152 
52153 
52154 
52155 
52156 
52157 
52158 
52159 
52160 
52161 
52162 
52163 
52164 
52165 
52166 
52167 
52168 
52169 
52170 
52171 
52172 
52173 
52174 
52175 
52176 
52177 
52178 
52179 
52180 
52181 
52182 
52183 
52184 
52185 
52186 
52187 
52188 
52189 
52190 
52191 
52192 
52193 
52194 
52195 
52196 
52197 
52198 
52199 
52200 
52201 
52202 
52203 
52204 
52205 
52206 
52207 
52208 
52209 
52210 
52211 
52212 
52213 
52214 
52215 
52216 
52217 
52218 
52219 
52220 
52221 
52222 
52223 
52224 
52225 
52226 
52227 
52228 
52229 
52230 
52231 
52232 
52233 
52234 
52235 
52236 
52237 
52238 
52239 
52240 
52241 
19473 
52242 
52243 
19475 
52244 
19476 
52245 
52246 
19478 
52247 
52248 
19480 
52249 
52250 
19482 
52251 
19483 
52252 
52253 
19485 
52254 
52255 
52256 
52257 
52258 
52259 
52260 
52261 
52262 
52263 
52264 
52265 
52266 
52267 
52268 
52269 
52270 
52271 
52272 
52273 
52274 
52275 
52276 
52277 
52278 
52279 
52280 
52281 
52282 
52283 
52284 
52285 
52286 
52287 
52288 
52289 
52290 
52291 
52292 
52293 
52294 
52295 
52296 
52297 
52298 
52299 
52300 
52301 
52302 
52303 
52304 
52305 
52306 
52307 
52308 
52309 
52310 
52311 
52312 
52313 
52314 
52315 
52316 
52317 
52318 
52319 
52320 
52321 
52322 
52323 
52324 
52325 
52326 
52327 
52328 
52329 
52330 
52331 
52332 
52333 
52334 
117900 
117901 
117902 
117906 
117907 
117908 
117912 
117913 
117914 
117918 
117919 
117920 
19616 
19618 
19619 
19621 
19623 
19625 
19626 
19628 
52526 
52527 
52528 
52529 
52530 
52531 
52532 
52533 
52534 
52535 
52536 
52537 
52538 
52539 
52540 
52541 
52542 
52543 
52544 
52545 
52546 
52547 
52548 
52549 
19781 
52550 
52551 
19783 
52552 
19784 
52553 
52554 
19786 
52555 
52556 
19788 
52557 
52558 
19790 
52559 
19791 
52560 
52561 
19793 
52562 
52563 
52564 
52565 
52566 
52567 
52568 
52569 
52570 
52571 
52572 
52573 
52574 
52575 
52576 
52577 
52578 
52579 
52580 
52581 
52582 
52583 
52584 
52585 
52586 
52587 
52588 
52589 
52590 
52591 
52592 
52593 
52594 
52595 
52596 
52597 
52598 
52599 
52600 
52601 
52602 
52603 
52604 
52605 
52606 
52607 
52608 
52609 
52610 
52611 
52612 
52613 
52614 
52615 
52616 
52617 
52618 
52619 
52620 
52621 
52622 
52623 
52624 
52625 
52626 
52627 
52628 
52629 
52630 
52631 
52632 
52633 
52634 
52635 
52636 
52637 
52638 
52639 
52640 
52641 
52642 
52643 
52644 
52645 
52646 
52647 
52648 
52649 
52650 
52651 
52652 
52653 
52654 
52655 
52656 
52657 
52658 
52659 
52660 
52661 
52662 
52663 
52664 
52665 
52666 
52667 
52668 
52669 
52670 
52671 
52672 
52673 
52674 
52675 
52676 
52677 
52678 
52679 
52680 
52681 
52682 
52683 
52684 
52685 
52686 
52687 
52688 
52689 
52690 
52691 
52692 
52693 
52694 
52695 
52696 
52697 
52698 
52699 
52700 
52701 
52702 
52703 
52704 
52705 
52706 
52707 
52708 
52709 
52710 
52711 
52712 
52713 
52714 
52715 
52716 
52717 
52718 
52719 
52720 
52721 
52913 
52914 
52915 
52916 
52917 
52918 
52919 
52920 
52921 
52922 
52923 
52924 
52925 
52926 
52927 
52928 
52929 
52930 
52931 
52932 
52933 
52934 
52935 
52936 
52937 
52938 
52939 
52940 
52941 
52942 
52943 
52944 
52945 
52946 
52947 
52948 
52949 
52950 
52951 
52952 
52953 
52954 
52955 
52956 
52957 
52958 
52959 
52960 
52961 
52962 
52963 
52964 
52965 
52966 
52967 
52968 
52969 
52970 
52971 
52972 
52973 
52974 
52975 
52976 
52977 
52978 
52979 
52980 
52981 
52982 
52983 
52984 
52985 
52986 
52987 
52988 
52989 
52990 
52991 
52992 
52993 
52994 
52995 
52996 
52997 
52998 
52999 
53000 
53001 
53002 
53003 
53004 
53005 
53006 
53007 
53008 
53009 
53010 
53011 
53012 
53013 
53014 
53015 
53016 
53017 
53018 
118555 
53019 
118556 
53020 
118557 
53021 
53022 
53023 
53024 
118561 
53025 
118562 
53026 
118563 
53027 
53028 
53029 
53030 
118567 
53031 
118568 
53032 
118569 
53033 
53034 
53035 
53036 
118573 
53037 
118574 
53038 
118575 
53039 
53040 
53041 
53042 
53043 
53044 
53045 
53046 
53047 
53048 
53049 
53050 
53051 
53052 
53053 
53054 
53055 
53056 
53057 
53058 
53059 
53060 
53061 
53062 
53063 
53064 
53065 
53066 
53067 
53068 
53069 
53070 
53071 
53072 
53073 
53074 
53075 
53076 
53077 
53078 
53079 
53080 
53081 
53082 
53083 
53084 
184157 
53085 
184158 
53086 
184159 
53087 
184160 
53088 
184161 
53089 
184162 
53090 
184163 
53091 
53092 
53093 
53094 
53095 
53096 
53097 
53098 
184171 
53099 
184172 
53100 
184173 
53101 
184174 
53102 
184175 
53103 
184176 
53104 
184177 
53105 
184178 
53106 
184179 
53107 
184180 
53108 
184181 
184182 
184183 
184184 
184192 
184193 
184194 
184195 
184196 
184197 
184198 
184206 
184207 
184208 
184209 
184210 
184211 
184212 
184220 
184221 
184222 
184223 
184224 
184225 
184226 
184230 
184231 
184232 
184236 
184237 
184238 
184239 
184240 
184241 
184245 
184246 
184247 
184255 
184256 
184257 
184258 
184259 
184260 
184261 
184269 
184270 
184271 
184272 
184273 
184274 
184275 
20538 
20541 
20542 
20543 
20544 
20545 
20546 
20549 
20551 
20552 
20553 
20554 
20555 
20556 
20557 
20558 
20559 
20560 
20561 
20562 
20563 
20564 
20567 
20569 
20570 
20571 
20572 
20573 
20574 
20575 
20576 
20577 
53348 
53349 
53350 
53351 
53352 
53353 
53354 
53355 
53356 
53357 
53358 
53359 
53360 
53361 
53362 
53363 
53364 
53365 
53366 
53367 
53368 
53369 
53370 
53371 
53372 
53373 
53374 
53375 
53376 
53377 
53378 
53379 
53380 
53381 
53382 
53383 
53384 
53385 
53386 
53387 
53388 
53389 
53390 
53391 
53392 
53393 
53394 
53395 
53396 
53397 
53398 
53399 
53400 
53401 
53402 
53403 
53404 
53405 
53406 
53407 
53408 
53409 
53410 
53411 
53412 
53413 
53414 
53415 
53416 
53417 
53418 
53419 
53420 
53421 
53422 
53423 
53424 
53425 
53426 
53427 
53428 
53429 
53430 
53431 
53432 
53433 
53434 
53435 
53436 
53437 
53438 
53439 
53440 
53441 
53442 
53443 
53444 
53445 
53446 
53447 
53448 
53449 
53450 
53451 
53452 
53453 
53454 
53455 
53456 
53457 
53458 
53459 
53460 
53461 
53462 
53463 
53464 
53465 
53466 
53467 
53468 
53469 
53470 
53471 
53472 
53473 
53474 
53475 
53476 
53477 
53478 
53479 
53480 
53481 
53482 
53483 
53484 
53485 
53486 
53487 
53488 
53489 
53490 
53491 
53492 
53493 
53494 
53495 
53496 
53497 
53498 
53499 
53500 
53501 
53502 
53503 
53504 
53505 
53506 
53507 
53508 
53509 
53510 
53511 
53512 
53513 
53514 
53515 
53516 
53517 
53518 
53519 
53520 
53521 
53522 
53523 
53524 
53525 
53526 
53527 
53528 
53529 
53530 
53531 
53532 
53533 
53534 
53535 
53536 
53537 
53538 
53539 
53540 
53541 
53542 
53543 
119210 
119211 
119212 
119216 
119217 
119218 
119222 
119223 
119224 
119228 
119229 
119230 
152068 
152069 
152070 
152071 
152072 
152073 
152074 
152082 
152083 
152084 
152085 
152086 
152087 
152088 
152089 
152090 
152091 
152092 
152093 
152094 
152095 
152103 
152104 
152105 
152106 
152107 
152108 
152109 
152117 
152118 
152119 
152120 
152121 
152122 
152123 
152131 
152132 
152133 
152134 
152135 
53831 
152136 
53832 
152137 
53833 
53834 
53835 
53836 
53837 
53838 
53839 
53840 
152145 
53841 
152146 
53842 
152147 
53843 
152148 
53844 
152149 
53845 
152150 
53846 
152151 
53847 
152152 
53848 
152153 
53849 
152154 
53850 
152155 
53851 
152156 
53852 
152157 
53853 
152158 
53854 
53855 
53856 
53857 
152162 
53858 
152163 
53859 
152164 
53860 
152165 
53861 
152166 
53862 
152167 
53863 
152168 
53864 
152169 
53865 
152170 
53866 
53867 
53868 
53869 
152174 
53870 
152175 
53871 
152176 
53872 
53873 
53874 
53875 
152180 
53876 
152181 
53877 
152182 
53878 
152183 
53879 
152184 
53880 
152185 
53881 
53882 
53883 
53884 
53885 
53886 
53887 
53888 
152193 
53889 
152194 
53890 
152195 
53891 
152196 
53892 
152197 
53893 
152198 
53894 
152199 
53895 
53896 
53897 
53898 
53899 
53900 
53901 
53902 
152207 
53903 
152208 
53904 
152209 
53905 
152210 
53906 
152211 
53907 
152212 
53908 
152213 
53909 
53910 
53911 
53912 
53913 
53914 
53915 
53916 
152221 
53917 
152222 
53918 
152223 
53919 
152224 
53920 
152225 
53921 
152226 
53922 
152227 
53923 
152228 
53924 
152229 
53925 
152230 
53926 
152231 
53927 
152232 
53928 
152233 
53929 
152234 
53930 
53931 
53932 
53933 
53934 
53935 
53936 
53937 
53938 
53939 
53940 
53941 
53942 
53943 
53944 
53945 
53946 
53947 
53948 
53949 
53950 
53951 
53952 
53953 
53954 
53955 
53956 
53957 
53958 
53959 
53960 
53961 
53962 
53963 
53964 
53965 
53966 
53967 
53968 
53969 
53970 
53971 
53972 
53973 
53974 
53975 
53976 
53977 
53978 
53979 
53980 
53981 
53982 
53983 
53984 
53985 
53986 
53987 
53988 
53989 
53990 
53991 
53992 
53993 
53994 
53995 
53996 
53997 
53998 
53999 
54000 
54001 
54002 
54003 
54004 
54005 
54006 
54007 
54008 
54009 
54010 
54011 
54012 
54013 
54014 
54015 
54016 
54017 
54018 
54019 
54020 
54021 
54022 
54023 
54024 
54025 
54026 
54218 
54219 
54220 
54221 
54222 
54223 
54224 
54225 
54226 
54227 
54228 
54229 
54230 
54231 
54232 
54233 
54234 
54235 
54236 
54237 
54238 
54239 
54240 
54241 
54242 
54243 
54244 
54245 
54246 
54247 
54248 
54249 
54250 
54251 
54252 
54253 
54254 
54255 
54256 
54257 
54258 
54259 
54260 
54261 
54262 
54263 
54264 
54265 
54266 
54267 
54268 
54269 
54270 
54271 
54272 
54273 
54274 
54275 
54276 
54277 
54278 
54279 
54280 
54281 
54282 
54283 
54284 
54285 
54286 
54287 
54288 
54289 
54290 
54291 
54292 
54293 
54294 
54295 
54296 
54297 
54298 
54299 
54300 
54301 
54302 
54303 
54304 
54305 
54306 
54307 
54308 
54309 
54310 
54311 
54312 
54313 
54314 
54315 
54316 
54317 
54318 
54319 
54320 
54321 
54322 
54323 
54324 
54325 
54326 
54327 
54328 
119865 
54329 
119866 
54330 
119867 
54331 
54332 
54333 
54334 
119871 
54335 
119872 
54336 
119873 
54337 
54338 
54339 
54340 
119877 
54341 
119878 
54342 
119879 
54343 
54344 
54345 
54346 
119883 
54347 
119884 
54348 
119885 
54349 
54350 
54351 
54352 
54353 
54354 
54355 
54356 
54357 
54358 
54359 
54360 
54361 
54362 
54363 
54364 
54365 
54366 
54367 
54368 
54369 
54370 
54371 
54372 
54373 
54374 
54375 
54376 
54377 
54378 
54379 
54380 
54381 
54382 
54383 
54384 
54385 
54386 
54387 
54388 
54389 
54390 
54391 
54392 
54393 
54394 
54395 
54396 
54397 
54398 
54399 
54400 
54401 
54402 
54403 
54404 
54405 
54406 
54407 
54408 
54409 
54410 
54411 
54412 
54413 
54605 
54606 
54607 
54608 
54609 
54610 
54611 
54612 
54613 
54614 
54615 
54616 
54617 
54618 
54619 
54620 
54621 
54622 
54623 
54624 
54625 
54626 
54627 
54628 
54629 
54630 
54631 
54632 
54633 
54634 
54635 
54636 
54637 
54638 
54639 
54640 
54641 
54642 
54643 
54644 
54645 
54646 
54647 
54648 
54649 
54650 
54651 
54652 
54653 
54654 
54655 
54656 
54657 
54658 
54659 
54660 
54661 
54662 
54663 
54664 
54665 
54666 
54667 
54668 
54669 
54670 
54671 
54672 
54673 
54674 
54675 
54676 
54677 
54678 
54679 
54680 
54681 
54682 
54683 
54684 
54685 
54686 
54687 
54688 
54689 
54690 
54691 
54692 
54693 
54694 
54695 
54696 
54697 
54698 
54699 
54700 
54701 
54702 
54703 
54704 
54705 
54706 
54707 
54708 
54709 
54710 
54711 
54712 
54713 
54714 
54715 
54716 
54717 
54718 
54719 
54720 
54721 
54722 
54723 
54724 
54725 
54726 
54727 
54728 
54729 
54730 
54731 
54732 
54733 
54734 
54735 
54736 
54737 
54738 
54739 
54740 
54741 
54742 
54743 
54744 
54745 
54746 
54747 
54748 
54749 
54750 
54751 
54752 
54753 
54754 
54755 
54756 
54757 
54758 
54759 
54760 
54761 
54762 
54763 
54764 
54765 
54766 
54767 
54768 
54769 
54770 
54771 
54772 
54773 
54774 
54775 
54776 
54777 
54778 
54779 
54780 
54781 
54782 
54783 
54784 
54785 
54786 
54787 
54788 
54789 
54790 
54791 
54792 
54793 
54794 
54795 
54796 
54797 
54798 
54799 
54800 
120520 
120521 
120522 
120526 
120527 
120528 
54992 
54993 
54994 
54995 
120532 
54996 
120533 
54997 
120534 
54998 
54999 
55000 
55001 
120538 
55002 
120539 
55003 
120540 
55004 
55005 
55006 
55007 
55008 
55009 
55010 
55011 
55012 
55013 
55014 
55015 
55016 
55017 
55018 
55019 
55020 
55021 
55022 
55023 
55024 
55025 
55026 
55027 
55028 
55029 
55030 
55031 
55032 
55033 
55034 
55035 
55036 
55037 
55038 
55039 
55040 
55041 
55042 
55043 
55044 
55045 
55046 
55047 
55048 
55049 
55050 
55051 
55052 
55053 
55054 
55055 
55056 
55057 
55058 
55059 
55060 
55061 
55062 
55063 
55064 
55065 
55066 
55067 
55068 
55069 
55070 
55071 
55072 
55073 
55074 
55075 
55076 
55077 
55078 
55079 
55080 
55081 
55082 
55083 
55084 
55085 
55086 
55087 
55088 
55089 
55090 
55091 
55092 
55093 
55094 
55095 
55096 
55097 
55098 
55099 
55100 
55101 
55102 
55103 
55104 
55105 
55106 
55107 
55108 
55109 
55110 
55111 
55112 
55113 
55114 
55115 
55116 
55117 
55118 
55119 
55120 
55121 
55122 
55123 
55124 
55125 
55126 
55127 
55128 
55129 
55130 
55131 
55132 
55133 
55134 
55135 
55136 
55137 
55138 
55139 
55140 
55141 
55142 
55143 
55144 
55145 
55146 
55147 
55148 
55149 
55150 
55151 
55152 
55153 
55154 
55155 
55156 
55157 
55158 
55159 
55160 
55161 
55162 
55163 
55164 
55165 
55166 
55167 
55168 
55169 
55170 
55171 
55172 
55173 
55174 
55175 
55176 
55177 
55178 
55179 
55180 
55181 
55182 
55183 
55184 
55185 
55186 
55187 
55379 
55380 
55381 
55382 
55383 
55384 
55385 
55386 
55387 
55388 
55389 
55390 
55391 
55392 
55393 
55394 
55395 
55396 
55397 
55398 
55399 
55400 
55401 
55402 
55403 
55404 
55405 
55406 
55407 
55408 
55409 
55410 
55411 
55412 
55413 
55414 
55415 
55416 
55417 
55418 
55419 
55420 
55421 
55422 
55423 
55424 
55425 
55426 
55427 
55428 
55429 
55430 
55431 
55432 
55433 
55434 
55435 
55436 
55437 
55438 
55439 
55440 
55441 
55442 
55443 
55444 
55445 
55446 
55447 
55448 
55449 
55450 
55451 
55452 
55453 
55454 
55455 
55456 
55457 
55458 
55459 
55460 
55461 
55462 
55463 
55464 
55465 
55466 
55467 
55468 
55469 
55470 
55471 
55472 
55473 
55474 
55475 
55476 
55477 
55478 
55479 
55480 
55481 
55482 
55483 
55484 
55485 
55486 
55487 
55488 
55489 
55490 
55491 
55492 
55493 
55494 
55495 
55496 
55497 
55498 
55499 
55500 
55501 
55502 
55503 
55504 
55505 
55506 
55507 
55508 
55509 
55510 
55511 
55512 
55513 
55514 
55515 
55516 
55517 
55518 
55519 
55520 
55521 
55522 
55523 
55524 
55525 
55526 
55527 
55528 
55529 
55530 
55531 
55532 
55533 
55534 
55535 
55536 
55537 
55538 
55539 
55540 
55541 
55542 
55543 
55544 
55545 
55546 
55547 
55548 
55549 
55550 
55551 
55552 
55553 
55554 
55555 
55556 
55557 
55558 
55559 
55560 
55561 
55562 
55563 
55564 
55565 
55566 
55567 
55568 
55569 
55570 
55571 
55572 
55573 
55574 
153923 
153924 
153925 
153926 
153927 
153928 
153929 
153937 
153938 
153939 
153940 
153941 
153942 
153943 
153944 
153945 
153946 
153947 
153948 
153949 
153950 
153958 
153959 
153960 
153961 
153962 
153963 
153964 
153972 
153973 
153974 
153975 
153976 
153977 
153978 
153986 
153987 
153988 
153989 
153990 
153991 
153992 
154000 
154001 
154002 
154003 
154004 
154005 
154006 
154007 
154008 
154009 
154010 
154011 
154012 
154013 
154017 
154018 
154019 
154020 
154021 
154022 
154026 
154027 
154028 
154029 
154030 
154031 
154035 
154036 
154037 
154038 
154039 
154040 
154048 
154049 
154050 
154051 
154052 
154053 
154054 
154062 
154063 
154064 
154065 
154066 
154067 
154068 
55766 
55767 
55768 
55769 
55770 
55771 
154076 
55772 
154077 
55773 
154078 
55774 
154079 
55775 
154080 
55776 
154081 
55777 
154082 
55778 
154083 
55779 
154084 
55780 
154085 
55781 
154086 
55782 
154087 
55783 
154088 
55784 
154089 
55785 
55786 
55787 
55788 
55789 
121326 
55790 
121327 
55791 
121328 
55792 
55793 
55794 
55795 
121332 
55796 
121333 
55797 
121334 
55798 
55799 
55800 
55801 
121338 
55802 
121339 
55803 
121340 
55804 
55805 
55806 
55807 
121344 
55808 
121345 
55809 
121346 
55810 
55811 
55812 
55813 
55814 
55815 
55816 
55817 
55818 
55819 
55820 
55821 
186894 
55822 
186895 
55823 
186896 
55824 
186897 
55825 
186898 
55826 
186899 
55827 
186900 
55828 
186901 
55829 
186902 
55830 
186903 
55831 
186904 
55832 
186905 
55833 
186906 
55834 
186907 
55835 
186908 
55836 
186909 
55837 
186910 
55838 
186911 
55839 
186912 
55840 
186913 
55841 
186914 
55842 
186915 
55843 
186916 
55844 
186917 
55845 
186918 
55846 
186919 
55847 
186920 
55848 
186921 
55849 
186922 
55850 
186923 
55851 
186924 
55852 
186925 
55853 
186926 
55854 
186927 
55855 
186928 
55856 
186929 
55857 
55858 
55859 
55860 
55861 
55862 
55863 
55864 
55865 
55866 
55867 
55868 
55869 
55870 
55871 
55872 
55873 
55874 
55875 
55876 
55877 
55878 
55879 
55880 
55881 
55882 
55883 
55884 
55885 
55886 
55887 
55888 
55889 
55890 
55891 
55892 
55893 
55894 
55895 
55896 
55897 
55898 
55899 
55900 
55901 
55902 
55903 
55904 
55905 
55906 
55907 
55908 
55909 
55910 
55911 
55912 
55913 
55914 
55915 
55916 
55917 
55918 
55919 
55920 
55921 
55922 
55923 
55924 
55925 
55926 
55927 
55928 
187001 
55929 
187002 
55930 
187003 
55931 
187004 
55932 
187005 
55933 
187006 
55934 
187007 
55935 
187008 
55936 
187009 
55937 
187010 
55938 
187011 
55939 
187012 
55940 
187013 
55941 
187014 
55942 
187015 
55943 
187016 
55944 
187017 
55945 
187018 
55946 
187019 
55947 
187020 
55948 
187021 
55949 
187022 
55950 
187023 
55951 
187024 
55952 
187025 
55953 
187026 
55954 
187027 
55955 
187028 
55956 
187029 
55957 
187030 
55958 
187031 
55959 
187032 
55960 
187033 
55961 
187034 
187035 
187036 
187108 
187109 
187110 
187111 
187112 
187113 
187114 
187115 
187116 
187117 
187118 
187119 
187120 
187121 
187122 
187123 
187124 
187125 
187126 
187127 
187128 
187129 
187130 
187131 
187132 
187133 
187134 
187135 
187136 
187137 
187138 
187139 
187140 
187141 
187142 
187143 
187215 
187216 
187217 
187218 
187219 
187220 
187221 
187222 
187223 
187224 
187225 
56153 
187226 
56154 
187227 
56155 
187228 
56156 
187229 
56157 
187230 
56158 
187231 
56159 
187232 
56160 
187233 
56161 
187234 
56162 
187235 
56163 
187236 
56164 
187237 
56165 
187238 
56166 
187239 
56167 
187240 
56168 
187241 
56169 
187242 
56170 
187243 
56171 
187244 
56172 
187245 
56173 
187246 
56174 
187247 
56175 
187248 
56176 
187249 
56177 
187250 
56178 
56179 
56180 
56181 
56182 
56183 
56184 
56185 
56186 
56187 
56188 
56189 
56190 
56191 
56192 
56193 
56194 
56195 
56196 
56197 
56198 
56199 
56200 
56201 
56202 
56203 
56204 
56205 
56206 
56207 
56208 
56209 
56210 
56211 
56212 
56213 
56214 
56215 
56216 
56217 
56218 
56219 
56220 
56221 
56222 
56223 
56224 
56225 
56226 
56227 
56228 
56229 
56230 
56231 
56232 
56233 
56234 
56235 
56236 
56237 
56238 
56239 
56240 
56241 
56242 
56243 
56244 
56245 
56246 
56247 
56248 
56249 
187322 
56250 
187323 
56251 
187324 
56252 
187325 
56253 
187326 
56254 
187327 
56255 
187328 
56256 
187329 
56257 
187330 
56258 
187331 
56259 
187332 
56260 
187333 
56261 
187334 
56262 
187335 
56263 
187336 
56264 
187337 
56265 
187338 
56266 
187339 
56267 
187340 
56268 
187341 
56269 
187342 
56270 
187343 
56271 
187344 
56272 
187345 
56273 
187346 
56274 
187347 
56275 
187348 
56276 
187349 
56277 
187350 
56278 
187351 
56279 
187352 
56280 
187353 
56281 
187354 
56282 
187355 
56283 
187356 
56284 
187357 
56285 
56286 
56287 
56288 
56289 
56290 
56291 
56292 
56293 
56294 
56295 
56296 
56297 
56298 
56299 
56300 
56301 
56302 
56303 
56304 
56305 
56306 
56307 
56308 
56309 
56310 
56311 
56312 
56313 
56314 
56315 
56316 
56317 
56318 
56319 
56320 
56321 
56322 
56323 
56324 
56325 
56326 
56327 
56328 
56329 
56330 
56331 
56332 
56333 
56334 
56335 
56336 
56337 
56338 
56339 
56340 
56341 
56342 
56343 
56344 
56345 
56346 
56347 
56348 
187429 
187430 
187431 
187432 
187433 
187434 
187435 
187436 
187437 
187438 
187439 
187440 
187441 
187442 
187443 
187444 
187445 
187446 
187447 
187448 
187449 
187450 
187451 
187452 
187453 
187454 
187455 
187456 
187457 
187458 
187459 
187460 
187461 
187462 
187463 
187464 
23663 
187536 
187537 
187538 
187539 
187540 
187541 
187542 
187543 
187544 
187545 
187546 
187547 
187548 
187549 
187550 
187551 
187552 
187553 
187554 
187555 
187556 
187557 
187558 
187559 
187560 
187561 
187562 
187563 
187564 
187565 
187566 
187567 
187568 
187569 
187570 
187571 
56540 
56541 
56542 
56543 
56544 
56545 
56546 
56547 
56548 
56549 
56550 
56551 
56552 
56553 
56554 
56555 
56556 
56557 
56558 
56559 
56560 
56561 
56562 
56563 
56564 
56565 
56566 
56567 
56568 
56569 
56570 
187643 
56571 
187644 
56572 
187645 
56573 
187646 
56574 
187647 
56575 
187648 
56576 
187649 
56577 
187650 
122114 
56578 
187651 
122115 
56579 
187652 
122116 
56580 
187653 
56581 
187654 
56582 
187655 
56583 
187656 
122120 
56584 
187657 
122121 
56585 
187658 
122122 
56586 
187659 
56587 
187660 
56588 
187661 
56589 
187662 
122126 
56590 
187663 
122127 
56591 
187664 
122128 
56592 
187665 
56593 
187666 
56594 
187667 
56595 
187668 
122132 
56596 
187669 
122133 
56597 
187670 
122134 
56598 
187671 
56599 
187672 
56600 
187673 
56601 
187674 
56602 
187675 
56603 
187676 
56604 
187677 
56605 
187678 
56606 
56607 
56608 
56609 
56610 
56611 
56612 
56613 
56614 
56615 
56616 
56617 
56618 
56619 
56620 
56621 
56622 
56623 
56624 
56625 
56626 
56627 
56628 
56629 
56630 
56631 
56632 
56633 
56634 
56635 
56636 
56637 
56638 
56639 
56640 
56641 
56642 
56643 
56644 
56645 
56646 
56647 
56648 
56649 
56650 
56651 
56652 
56653 
56654 
56655 
56656 
56657 
56658 
56659 
56660 
56661 
56662 
56663 
56664 
56665 
56666 
56667 
56668 
56669 
56670 
56671 
56672 
56673 
56674 
56675 
56676 
56677 
187750 
56678 
187751 
56679 
187752 
56680 
187753 
56681 
187754 
56682 
187755 
56683 
56684 
187756 
187757 
56685 
187758 
56686 
187759 
56687 
187760 
56688 
187761 
56689 
187762 
56690 
23922 
187763 
56691 
187764 
56692 
23924 
187765 
56693 
187766 
56694 
23926 
187767 
56695 
187768 
56696 
23928 
187769 
56697 
23929 
187770 
56698 
187771 
56699 
23931 
187772 
56700 
187773 
56701 
187774 
56702 
187775 
56703 
187776 
56704 
187777 
56705 
187778 
56706 
187779 
56707 
187780 
56708 
187781 
56709 
187782 
56710 
187783 
56711 
187784 
56712 
187785 
56713 
56714 
56715 
56716 
56717 
56718 
56719 
56720 
56721 
56722 
56723 
56724 
56725 
56726 
56727 
56728 
56729 
56730 
56731 
56732 
56733 
56734 
56735 
187857 
187858 
187859 
187860 
187861 
187862 
187863 
187864 
187865 
187866 
187867 
187868 
187869 
187870 
187871 
187872 
187873 
187874 
187875 
187876 
187877 
187878 
187879 
187880 
187881 
187882 
187883 
187884 
187885 
187886 
187887 
187888 
187889 
187890 
187891 
187892 
24090 
24091 
24093 
24095 
24096 
24098 
188006 
188007 
188008 
188009 
188010 
188011 
188012 
188013 
188014 
188015 
188016 
188017 
188018 
188019 
188020 
188021 
188022 
188023 
188024 
188025 
188026 
188027 
188028 
188029 
188030 
188031 
188032 
188033 
188034 
188035 
188036 
188037 
188038 
188039 
188040 
188041 
24216 
24217 
24219 
24221 
24222 
24224 
188113 
188114 
188115 
188116 
188117 
188118 
188119 
188120 
188121 
188122 
188123 
188124 
188125 
188126 
188127 
188128 
188129 
188130 
188131 
188132 
188133 
188134 
188135 
188136 
188137 
188138 
188139 
188140 
188141 
188142 
188143 
188144 
188145 
188146 
188147 
188148 
24342 
24343 
24345 
24347 
24348 
24350 
188220 
188221 
188222 
188223 
188224 
188225 
188226 
188227 
188228 
188229 
188230 
188231 
188232 
188233 
188234 
188235 
188236 
188237 
188238 
188239 
188240 
188241 
188242 
188243 
188244 
188245 
188246 
188247 
188248 
188249 
188250 
188251 
188252 
188253 
188254 
188255 
57183 
57184 
57185 
57186 
57187 
57188 
57189 
57190 
57191 
57192 
57193 
57194 
57195 
57196 
57197 
57198 
57199 
57200 
57201 
57202 
57203 
57204 
57205 
57206 
57207 
57208 
57209 
57210 
57211 
57212 
57213 
57214 
57215 
57216 
57217 
57218 
57219 
57220 
57221 
57222 
57223 
57224 
57225 
57226 
57227 
57228 
57229 
57230 
57231 
24468 
24469 
57239 
24471 
57240 
57241 
24473 
57242 
24474 
57243 
57244 
24476 
57245 
57246 
57247 
57248 
57249 
57250 
57251 
57252 
57253 
57254 
188327 
57255 
188328 
57256 
188329 
57257 
188330 
57258 
188331 
57259 
188332 
57260 
188333 
57261 
188334 
57262 
188335 
57263 
188336 
57264 
188337 
57265 
188338 
57266 
188339 
57267 
188340 
57268 
188341 
57269 
188342 
57270 
188343 
57271 
188344 
57272 
188345 
57273 
188346 
57274 
188347 
57275 
188348 
57276 
188349 
57277 
188350 
57278 
188351 
57279 
188352 
57280 
188353 
57281 
188354 
57282 
188355 
57283 
188356 
57284 
188357 
57285 
188358 
57286 
188359 
57287 
188360 
57288 
188361 
57289 
188362 
57290 
57291 
57292 
57293 
57294 
57295 
57296 
57297 
57298 
57299 
57300 
57301 
57302 
57303 
57304 
57305 
57306 
57307 
57308 
57309 
57310 
57311 
57312 
57313 
57314 
57315 
57316 
57317 
57318 
57319 
57320 
57321 
57322 
57323 
57324 
57325 
57326 
57327 
57328 
57329 
57330 
57331 
57332 
57333 
57334 
57335 
57336 
57337 
57338 
57339 
57340 
57341 
57342 
57343 
57344 
57345 
57346 
122883 
57347 
122884 
57348 
122885 
57349 
57350 
57351 
57352 
122889 
57353 
122890 
57354 
122891 
57355 
57356 
122895 
122896 
122897 
188434 
24594 
188435 
24595 
188436 
57364 
188437 
122901 
57365 
24597 
188438 
122902 
57366 
188439 
122903 
57367 
24599 
188440 
57368 
24600 
188441 
57369 
188442 
57370 
24602 
188443 
57371 
188444 
57372 
188445 
57373 
188446 
57374 
188447 
57375 
188448 
57376 
188449 
57377 
188450 
57378 
188451 
57379 
188452 
57380 
188453 
57381 
188454 
57382 
188455 
57383 
188456 
57384 
188457 
57385 
188458 
57386 
188459 
57387 
188460 
57388 
188461 
57389 
188462 
57390 
188463 
57391 
188464 
57392 
188465 
57393 
188466 
57394 
188467 
57395 
188468 
57396 
188469 
57397 
57398 
57399 
57400 
57401 
57402 
57403 
57404 
57405 
57406 
57407 
57408 
57409 
57410 
57411 
57412 
57413 
57414 
57415 
57416 
57417 
57418 
57419 
57420 
57421 
57422 
57423 
57424 
57425 
57426 
188541 
188542 
188543 
188544 
188545 
188546 
155778 
188547 
155779 
188548 
155780 
188549 
155781 
188550 
155782 
188551 
155783 
188552 
155784 
188553 
188554 
188555 
188556 
188557 
188558 
188559 
188560 
155792 
24720 
188561 
155793 
24721 
188562 
155794 
188563 
155795 
24723 
188564 
155796 
188565 
155797 
24725 
188566 
155798 
24726 
188567 
155799 
188568 
155800 
24728 
188569 
155801 
188570 
155802 
188571 
155803 
188572 
155804 
188573 
155805 
188574 
188575 
188576 
155813 
155814 
155815 
155816 
155817 
155818 
155819 
155827 
155828 
155829 
155830 
155831 
155832 
155833 
155841 
155842 
155843 
155844 
155845 
155846 
155847 
155855 
155856 
155857 
155858 
155859 
155860 
155861 
155862 
155863 
155864 
155865 
155866 
155867 
155868 
155872 
155873 
155874 
155875 
155876 
155877 
188648 
188649 
155881 
188650 
155882 
188651 
155883 
188652 
155884 
188653 
155885 
188654 
155886 
188655 
188656 
188657 
188658 
155890 
188659 
155891 
188660 
155892 
188661 
155893 
188662 
155894 
188663 
155895 
188664 
188665 
188666 
188667 
188668 
188669 
188670 
188671 
155903 
188672 
155904 
188673 
155905 
188674 
155906 
188675 
155907 
188676 
155908 
188677 
155909 
188678 
188679 
188680 
188681 
188682 
188683 
155917 
155918 
24846 
155919 
24847 
155920 
155921 
24849 
155922 
155923 
24851 
24852 
24854 
155931 
155932 
155933 
155934 
155935 
155936 
155937 
155938 
155939 
155940 
155941 
155942 
155943 
155944 
24963 
188804 
24964 
188805 
188806 
24966 
188807 
188808 
24968 
188809 
24969 
188810 
188811 
24971 
188812 
188813 
188814 
188815 
188816 
188817 
188818 
188819 
188820 
188821 
188822 
188823 
188824 
188825 
188826 
188827 
188828 
188829 
188830 
188831 
188832 
188833 
25112 
25113 
25115 
25117 
25118 
25120 
123549 
123550 
123551 
25247 
25248 
25250 
123555 
123556 
25252 
123557 
25253 
25255 
123561 
123562 
123563 
123567 
123568 
123569 
25385 
25386 
25388 
25390 
25391 
25393 
25509 
25510 
25512 
25514 
25515 
25517 
25633 
25634 
25636 
25638 
25639 
25641 
25757 
25758 
25760 
25762 
25763 
25765 
25881 
25882 
25884 
25886 
25887 
25889 
124215 
124216 
124217 
124221 
124222 
124223 
124227 
124228 
124229 
124233 
124234 
124235 
26016 
26017 
26019 
26021 
26022 
26024 
26434 
26435 
26437 
26439 
26440 
26442 
157633 
157634 
157635 
157636 
157637 
157638 
157639 
157647 
157648 
157649 
124881 
157650 
124882 
157651 
124883 
157652 
157653 
157654 
157655 
124887 
157656 
124888 
157657 
124889 
157658 
157659 
157660 
124893 
124894 
124895 
124899 
157668 
124900 
157669 
124901 
157670 
157671 
157672 
157673 
157674 
157682 
157683 
157684 
157685 
157686 
157687 
157688 
157696 
157697 
157698 
157699 
157700 
157701 
157702 
157710 
157711 
157712 
157713 
157714 
157715 
157716 
157717 
157718 
157719 
157720 
157721 
157722 
157723 
157727 
157728 
157729 
157730 
157731 
157732 
157736 
157737 
157738 
157739 
157740 
157741 
157745 
157746 
157747 
157748 
157749 
157750 
157758 
157759 
157760 
157761 
157762 
157763 
157764 
157772 
157773 
157774 
157775 
157776 
157777 
157778 
157786 
157787 
157788 
157789 
157790 
157791 
157792 
157793 
157794 
157795 
157796 
157797 
157798 
157799 
27237 
27238 
27239 
27240 
125547 
125548 
125549 
27248 
125553 
27249 
125554 
27250 
125555 
27251 
27252 
27253 
27254 
125559 
27255 
125560 
27256 
125561 
27258 
27259 
27260 
125565 
27261 
125566 
27262 
125567 
27264 
27265 
27266 
27268 
27269 
27270 
27271 
27272 
27273 
27274 
27275 
27276 
27284 
27285 
27286 
27287 
27288 
27289 
27290 
126213 
126214 
126215 
126219 
126220 
126221 
126225 
126226 
126227 
126231 
126232 
126233 
60750 
60751 
60752 
60753 
60754 
60755 
60772 
60773 
60774 
60775 
60776 
60777 
159488 
159489 
159490 
159491 
159492 
159493 
159494 
159502 
159503 
159504 
159505 
159506 
159507 
159508 
159509 
159510 
159511 
159512 
159513 
159514 
159515 
159523 
159524 
159525 
159526 
159527 
159528 
159529 
159537 
159538 
159539 
159540 
159541 
159542 
159543 
159551 
159552 
159553 
159554 
159555 
159556 
159557 
159565 
159566 
159567 
159568 
159569 
159570 
159571 
159572 
159573 
159574 
159575 
159576 
159577 
159578 
159582 
159583 
159584 
159585 
159586 
159587 
159591 
159592 
159593 
159594 
159595 
159596 
159600 
159601 
159602 
159603 
159604 
159605 
159613 
159614 
159615 
159616 
159617 
159618 
159619 
159627 
159628 
159629 
159630 
159631 
159632 
159633 
159641 
159642 
159643 
159644 
159645 
159646 
159647 
126879 
159648 
126880 
159649 
126881 
159650 
159651 
159652 
159653 
126885 
159654 
126886 
126887 
126891 
126892 
126893 
126897 
126898 
126899 
28885 
28886 
28887 
28888 
28889 
28890 
28891 
28896 
28897 
28898 
28899 
28914 
28915 
28916 
28917 
28918 
28919 
28920 
28921 
28922 
28923 
28924 
127685 
127686 
127687 
127691 
127692 
127693 
29767 
29769 
29770 
29772 
29773 
29774 
29775 
29776 
29777 
29778 
29779 
29781 
29783 
29785 
29786 
29787 
29788 
29789 
29790 
29791 
29792 
29793 
29795 
29796 
29797 
29799 
29801 
29802 
29803 
29804 
29805 
29806 
29807 
29808 
29809 
29811 
29813 
29815 
29816 
29817 
29818 
29819 
29820 
29821 
29822 
29823 
30198 
30200 
30201 
30203 
30204 
30205 
30206 
30207 
30208 
30209 
30210 
30212 
30214 
30216 
30217 
30218 
30219 
30220 
30221 
30222 
30223 
30224 
30226 
30227 
30229 
30230 
30232 
30233 
30234 
30235 
30236 
30237 
30238 
30239 
30240 
30242 
30244 
30246 
30247 
30248 
30249 
30250 
30251 
30252 
30253 
30254 
161343 
161344 
161345 
161346 
161347 
161348 
161349 
161357 
161358 
161359 
161360 
161361 
161362 
161363 
161364 
161365 
161366 
161367 
161368 
161369 
161370 
161378 
161379 
161380 
161381 
161382 
161383 
161384 
161392 
161393 
161394 
161395 
161396 
161397 
161398 
161406 
161407 
161408 
161409 
161410 
161411 
161412 
161420 
161421 
161422 
161423 
161424 
161425 
161426 
161427 
161428 
161429 
161430 
161431 
161432 
161433 
161437 
161438 
161439 
161440 
161441 
161442 
161446 
161447 
161448 
161449 
161450 
161451 
161455 
161456 
161457 
161458 
161459 
161460 
161468 
161469 
161470 
161471 
161472 
161473 
161474 
161482 
161483 
161484 
161485 
161486 
161487 
161488 
161496 
161497 
161498 
161499 
161500 
161501 
161502 
161503 
161504 
161505 
161506 
161507 
161508 
161509 
30629 
30631 
30632 
30634 
30635 
30636 
30637 
30638 
30639 
30640 
30641 
30643 
30645 
30647 
30648 
30649 
30650 
30651 
30652 
30653 
30654 
30655 
30657 
30658 
30660 
30661 
30663 
30664 
30665 
30666 
30667 
30668 
30669 
30670 
30671 
30673 
30675 
30677 
30678 
30679 
30680 
30681 
30682 
30683 
30684 
30685 
31060 
31062 
31063 
31065 
31066 
31067 
31068 
31069 
31070 
31071 
31072 
31074 
31076 
31078 
31079 
31080 
31081 
31082 
31083 
31084 
31085 
31086 
31088 
31089 
31091 
31092 
31094 
31095 
31096 
31097 
31098 
31099 
31100 
31101 
31102 
31104 
31106 
31108 
31109 
31110 
31111 
31112 
31113 
31114 
31115 
31116 
31491 
31493 
31494 
31496 
31497 
31498 
31499 
31500 
31501 
31502 
31503 
31505 
31507 
31509 
31510 
31511 
31512 
31513 
31514 
31515 
31516 
31517 
31519 
31520 
31522 
31523 
31525 
31526 
31527 
31528 
31529 
31530 
31531 
31532 
31533 
31535 
31537 
31539 
31540 
31541 
31542 
31543 
31544 
31545 
31546 
31547 
31922 
31924 
31925 
31927 
31928 
31929 
31930 
31931 
31932 
31933 
31934 
31936 
31938 
31940 
31941 
31942 
31943 
31944 
31945 
31946 
31947 
31948 
31950 
31951 
31953 
31954 
31956 
31957 
31958 
31959 
31960 
31961 
31962 
31963 
31964 
31966 
31968 
31970 
31971 
31972 
31973 
31974 
31975 
31976 
31977 
31978 
163198 
163199 
163200 
163201 
163202 
163203 
163204 
163212 
163213 
163214 
163215 
163216 
163217 
163218 
163219 
163220 
163221 
163222 
163223 
163224 
163225 
163233 
163234 
163235 
163236 
163237 
163238 
163239 
163247 
163248 
163249 
163250 
163251 
163252 
163253 
163261 
163262 
163263 
163264 
163265 
163266 
163267 
163275 
163276 
163277 
163278 
163279 
163280 
163281 
163282 
163283 
163284 
163285 
163286 
163287 
163288 
163292 
163293 
163294 
163295 
163296 
163297 
163301 
163302 
163303 
163304 
163305 
163306 
163310 
163311 
163312 
163313 
163314 
163315 
163323 
163324 
163325 
163326 
163327 
163328 
163329 
163337 
163338 
163339 
163340 
163341 
163342 
163343 
163351 
163352 
163353 
163354 
163355 
163356 
163357 
163358 
163359 
163360 
163361 
163362 
163363 
163364 
32353 
32355 
32356 
32358 
32359 
32360 
32361 
32362 
32363 
32364 
32365 
32367 
32369 
32371 
32372 
32373 
32374 
32375 
32376 
32377 
32378 
32379 
32381 
32382 
32384 
32385 
32387 
32388 
32389 
32390 
32391 
32392 
32393 
32394 
32395 
32397 
32399 
32401 
32402 
32403 
32404 
32405 
32406 
32407 
32408 
32409 
)

// ************************************************************************* //
