/*--------------------------------*- C++ -*----------------------------------*\
| =========                 |                                                 |
| \\      /  F ield         | OpenFOAM: The Open Source CFD Toolbox           |
|  \\    /   O peration     | Version:  4.0                                   |
|   \\  /    A nd           | Web:      www.OpenFOAM.org                      |
|    \\/     M anipulation  |                                                 |
\*---------------------------------------------------------------------------*/
FoamFile
{
    version     2.0;
    format      ascii;
    class       cellSet;
    location    "2/polyMesh/sets";
    object      concaveCells;
}
// * * * * * * * * * * * * * * * * * * * * * * * * * * * * * * * * * * * * * //


1783
(
24576 
20481 
24579 
24580 
16390 
24583 
16392 
24585 
20492 
20494 
16 
17 
24593 
18 
4115 
24595 
20500 
4117 
21 
22 
20502 
4119 
23 
24601 
24602 
24605 
16415 
24607 
24608 
16417 
20513 
20515 
24611 
24613 
20521 
20523 
4140 
4142 
24623 
4144 
24625 
24627 
20534 
24630 
24631 
16440 
20536 
24633 
16442 
20542 
24639 
20544 
24642 
24643 
4165 
24646 
4167 
71 
4169 
20555 
24651 
20557 
24655 
16465 
24657 
16467 
20563 
24659 
20565 
24663 
24667 
24668 
4190 
4192 
20576 
24672 
24673 
4194 
20578 
102 
24678 
20584 
16490 
20586 
16492 
24684 
24688 
24692 
20597 
4215 
20599 
24695 
4217 
24698 
4219 
24700 
20605 
24701 
20607 
24704 
24706 
16515 
16517 
24710 
24712 
24713 
138 
20618 
24715 
20620 
24717 
4240 
24720 
24721 
4242 
20626 
24723 
4244 
20628 
24725 
24726 
24729 
24730 
16540 
157 
16542 
20639 
20641 
24737 
24739 
20647 
4265 
20649 
24745 
4267 
24747 
20660 
16565 
20662 
16567 
20668 
20670 
73924 
199 
20681 
20683 
45261 
16590 
16592 
20689 
20691 
4310 
4311 
4313 
45274 
4315 
45277 
45278 
20702 
20704 
45284 
20710 
16615 
20712 
16617 
45291 
45295 
45299 
20723 
20725 
45302 
45305 
45306 
20731 
20733 
16640 
16642 
20744 
20746 
20752 
20754 
16665 
16667 
20765 
20767 
74016 
8485 
20773 
20775 
16690 
20786 
16692 
20788 
20794 
8508 
20796 
20807 
20809 
16715 
16717 
20815 
20817 
20828 
20830 
16740 
20836 
16742 
20838 
8552 
8553 
8555 
8557 
20849 
20851 
20857 
20859 
16765 
16767 
12675 
20870 
20872 
20878 
20880 
16790 
16792 
12698 
20891 
20893 
20899 
20901 
16815 
20912 
16817 
20914 
20920 
20922 
20933 
12742 
12743 
20935 
16840 
12745 
16842 
12747 
20941 
20943 
4564 
20954 
20956 
16865 
20962 
16867 
20964 
20975 
20977 
20983 
20985 
16890 
16892 
20996 
20998 
21004 
21006 
16915 
16918 
21017 
21019 
21025 
21027 
16939 
21038 
21040 
21046 
21048 
21059 
21061 
25159 
21067 
21069 
25167 
16983 
16984 
21080 
16985 
16986 
21082 
25178 
16987 
16988 
25180 
16989 
16990 
21088 
21090 
25186 
25188 
8806 
17002 
21101 
21103 
25199 
25201 
17013 
21109 
21111 
25207 
25209 
21122 
21124 
25220 
25222 
21130 
21132 
25228 
17037 
17038 
25230 
21143 
21145 
25241 
25243 
17053 
21151 
21153 
25249 
25251 
17068 
21164 
17069 
21166 
25262 
25264 
21172 
21174 
25270 
25272 
17086 
21185 
21187 
25283 
12996 
25285 
21193 
21195 
25291 
25293 
17104 
21206 
21208 
25304 
25306 
21214 
21216 
25312 
25314 
17123 
21227 
21229 
25325 
25327 
21235 
21237 
25333 
25335 
74491 
21248 
21250 
25346 
25348 
21256 
21258 
25354 
17164 
25356 
17165 
21269 
21271 
25367 
25369 
797 
21277 
21279 
25375 
25377 
17188 
21290 
21292 
25388 
25390 
818 
21298 
21300 
25396 
25398 
21311 
21313 
25409 
25411 
21319 
21321 
25417 
25419 
17236 
21332 
21334 
25430 
25432 
21340 
21342 
25438 
25440 
21353 
21355 
25451 
25453 
21361 
21363 
25459 
25461 
21374 
21376 
25472 
25474 
21382 
21384 
25480 
74634 
25482 
21395 
21397 
25493 
25495 
21403 
21405 
25501 
25503 
21416 
21418 
25514 
25516 
21424 
21426 
25522 
25524 
62397 
21437 
21439 
25535 
62400 
62401 
25537 
21445 
62407 
21447 
25543 
25545 
62414 
62418 
21458 
21460 
25556 
62422 
25558 
62425 
21466 
62428 
21468 
25564 
62429 
25566 
5090 
5091 
5092 
5093 
5094 
5095 
21479 
5096 
5097 
21481 
25577 
5098 
5099 
25579 
5100 
5101 
5102 
5103 
21487 
5104 
5105 
21489 
25585 
5106 
5107 
25587 
5108 
5109 
5110 
5111 
5112 
5113 
5115 
21500 
21502 
25598 
25600 
21508 
21510 
25606 
25608 
21521 
5138 
21523 
25619 
5140 
25621 
21529 
21531 
25627 
25629 
21542 
21544 
25640 
25642 
5163 
5165 
21550 
21552 
25648 
25650 
21563 
21565 
25661 
25663 
21571 
5188 
21573 
25669 
5190 
25671 
21584 
21586 
25682 
25684 
21592 
21594 
25690 
25692 
5213 
5215 
21605 
21607 
25703 
25705 
21613 
21615 
25711 
25713 
9332 
9334 
5238 
9335 
9336 
5240 
9337 
9338 
21626 
9339 
9340 
21628 
25724 
9341 
9342 
25726 
9343 
9344 
9345 
9346 
21634 
9347 
9348 
21636 
25732 
9349 
9350 
25734 
9351 
9352 
9353 
9354 
9355 
5263 
21647 
5265 
21649 
25745 
25747 
21655 
21657 
25753 
25755 
21668 
21670 
25766 
5288 
25768 
5290 
21676 
21678 
25774 
25776 
21689 
21691 
25787 
25789 
5313 
21697 
5315 
21699 
25795 
25797 
21710 
21712 
25808 
13522 
25810 
13523 
13524 
13525 
13526 
21718 
13527 
13528 
21720 
25816 
13529 
13530 
5338 
25818 
13531 
13532 
5340 
13533 
13534 
13535 
13536 
13537 
13538 
13539 
21731 
13540 
13541 
21733 
25829 
13542 
13543 
25831 
13544 
13545 
21739 
21741 
25837 
25839 
5363 
5365 
21752 
21754 
25850 
25852 
21760 
21762 
25858 
25860 
5388 
21773 
5390 
21775 
25871 
25873 
21781 
21783 
25879 
25881 
21794 
21796 
25892 
5413 
25894 
5415 
21802 
21804 
25900 
25902 
21815 
21817 
25913 
25915 
5438 
21823 
5440 
21825 
25921 
25923 
21836 
21838 
25934 
25936 
21844 
21846 
25942 
5463 
25944 
5465 
21857 
17763 
21859 
25955 
25957 
17769 
21865 
17770 
17771 
21867 
25963 
17772 
17773 
25965 
17774 
17775 
17776 
5488 
17777 
17778 
5490 
21878 
17784 
21880 
25976 
25978 
17788 
21886 
21888 
25984 
25986 
5513 
5515 
21899 
21901 
25997 
25999 
17809 
21907 
17813 
21909 
26005 
26007 
21920 
5538 
21922 
26018 
5540 
26020 
21928 
17834 
21930 
26026 
26028 
17838 
26039 
26041 
5563 
5565 
26047 
26049 
17859 
17863 
26060 
26062 
5588 
26068 
5590 
26070 
17884 
17888 
26081 
26083 
26089 
26091 
5613 
5615 
17909 
26102 
26104 
17913 
26110 
26112 
5638 
5640 
26123 
26125 
17934 
17938 
26131 
22036 
26133 
22041 
22042 
22046 
5663 
26144 
5665 
22049 
22050 
26146 
17959 
26152 
26154 
17963 
79404 
79407 
79408 
22066 
79411 
26165 
79414 
79415 
26167 
5688 
79418 
5690 
22074 
79421 
26173 
79422 
26175 
17984 
22080 
79425 
22081 
22083 
79428 
17988 
22084 
79429 
22086 
26186 
26188 
5713 
22097 
22098 
26194 
5715 
26196 
22104 
18009 
18013 
22109 
22110 
26207 
26209 
22119 
26215 
26217 
5738 
5740 
22126 
22127 
18034 
22130 
26228 
18038 
26230 
22138 
26236 
26238 
22143 
5763 
5765 
26249 
18059 
22155 
26251 
18063 
22159 
26257 
22163 
26259 
22167 
22168 
22170 
5788 
5790 
26270 
26272 
18084 
26278 
18088 
26280 
22187 
26285 
26291 
5813 
5815 
26299 
18109 
26302 
18113 
26308 
5838 
5840 
18134 
18138 
5863 
5865 
18159 
18163 
5888 
5890 
18184 
18188 
5913 
5915 
18209 
18213 
5938 
5940 
18234 
18238 
5963 
5965 
18259 
18263 
5988 
5990 
18284 
18288 
6013 
6015 
18309 
18313 
6038 
6040 
18334 
18338 
6063 
6065 
18359 
18363 
6088 
6090 
18384 
18388 
6113 
6115 
18409 
18413 
6138 
6140 
18434 
18438 
6163 
6165 
51223 
51226 
51227 
18459 
18463 
51233 
51240 
51244 
6188 
6190 
51248 
51251 
18484 
51254 
51255 
18488 
6213 
6215 
18509 
18513 
6238 
6240 
18534 
18538 
2163 
2164 
2166 
6263 
2168 
6265 
22651 
22652 
18559 
18563 
22669 
6288 
22672 
22673 
6290 
18584 
18588 
22690 
22693 
22694 
6313 
2218 
6315 
18609 
18613 
22711 
22714 
22715 
6338 
6340 
18634 
22732 
18638 
22735 
22736 
2265 
6363 
6365 
22753 
18659 
22756 
22757 
18663 
6388 
6390 
22774 
22777 
22778 
18684 
2302 
2303 
18688 
22795 
6413 
22798 
22799 
18709 
18713 
22816 
22819 
22820 
18734 
18738 
22837 
22840 
6457 
22841 
6458 
6460 
6462 
2368 
18759 
22858 
18763 
22861 
22862 
10580 
22879 
18784 
22882 
22883 
18788 
10603 
2417 
22900 
22903 
22904 
18809 
18813 
22921 
22924 
22925 
67982 
67985 
67986 
18834 
18838 
10647 
67992 
10648 
10650 
10652 
22942 
67999 
22945 
22946 
68003 
68007 
68010 
18859 
68013 
68014 
18863 
14770 
22963 
22966 
22967 
68026 
18884 
18888 
22984 
14793 
22987 
22988 
35287 
35290 
35291 
18909 
23005 
35294 
23008 
35297 
18913 
23009 
35298 
35301 
35304 
35305 
35308 
31213 
35311 
35312 
31217 
23026 
31218 
31219 
14837 
23029 
18934 
14838 
23030 
31222 
31223 
14840 
18938 
14842 
31227 
31232 
23047 
31240 
23050 
23051 
18959 
31248 
31249 
18963 
31252 
31255 
23068 
23071 
23072 
18984 
31273 
18988 
31278 
23089 
31284 
23092 
23093 
6711 
31289 
14906 
31297 
19009 
19013 
23110 
31305 
23113 
23114 
31309 
31314 
19034 
23131 
19038 
23134 
23135 
23152 
19059 
23155 
23156 
31349 
31352 
31353 
31356 
31363 
23173 
31366 
31367 
23176 
23177 
19087 
10901 
31384 
23194 
23197 
23198 
31403 
31405 
23215 
31409 
23218 
31411 
23219 
31413 
31422 
31424 
31428 
23236 
23239 
31432 
23240 
31436 
23257 
23260 
31453 
19165 
23261 
19167 
19168 
19170 
19174 
19178 
19182 
23278 
19184 
23281 
31474 
19186 
23282 
15091 
31478 
31482 
19194 
19198 
23299 
23302 
19207 
23303 
19210 
19212 
19215 
19216 
23320 
23323 
23324 
19229 
19230 
19232 
19233 
19234 
19238 
19239 
19240 
19242 
23341 
23344 
23345 
19250 
19254 
19265 
23362 
19269 
23365 
23366 
19283 
19285 
23383 
19288 
19289 
23386 
23387 
19294 
19296 
19297 
19299 
19305 
19307 
23404 
23407 
23408 
19313 
19315 
2944 
2945 
23425 
2946 
2947 
23428 
2949 
23429 
2950 
2951 
2952 
2953 
2954 
2955 
2956 
2957 
2958 
2959 
2960 
2961 
2962 
2964 
2965 
23446 
2969 
23449 
23450 
23467 
2990 
23470 
23471 
2992 
2994 
23488 
23491 
23492 
3015 
3017 
3019 
23509 
23512 
23513 
3040 
3042 
3044 
23530 
23533 
23534 
3065 
3067 
3069 
23551 
23554 
23555 
3090 
3092 
23572 
3094 
23575 
23576 
23593 
3115 
23596 
3117 
23597 
3119 
23614 
23617 
23618 
3140 
7237 
7238 
3142 
7239 
7240 
3144 
7241 
7242 
7243 
7244 
7245 
7246 
7247 
7248 
7249 
7250 
7251 
23635 
7252 
7253 
7254 
23638 
7255 
23639 
7256 
7257 
7258 
7259 
7260 
3165 
3167 
3169 
23656 
23659 
23660 
3190 
3192 
3194 
23677 
23680 
23681 
3215 
3217 
23698 
3219 
23701 
23702 
11427 
11428 
11429 
11430 
11431 
23719 
11432 
3240 
11433 
11434 
3242 
23722 
11435 
23723 
11436 
3244 
11437 
11438 
11439 
11440 
11441 
11442 
11443 
11444 
11445 
11446 
11447 
11448 
11449 
11450 
23740 
3265 
3267 
3269 
3290 
3292 
3294 
40162 
40166 
40169 
40170 
40176 
3315 
3317 
40183 
3319 
40187 
40191 
15617 
40194 
15618 
15619 
15620 
40197 
40198 
15623 
23816 
40201 
15625 
15626 
15627 
15628 
3340 
23820 
15629 
15630 
3342 
15631 
15632 
3344 
23824 
15634 
23828 
15637 
15638 
15639 
15640 
23832 
15642 
23836 
23837 
23839 
3365 
3367 
3369 
23856 
15665 
15667 
3390 
3392 
3394 
15690 
15692 
3415 
3417 
3419 
15715 
15717 
3440 
3442 
3444 
23931 
15740 
15742 
23935 
23939 
23943 
3465 
3467 
23947 
3469 
23951 
23952 
23954 
15765 
15767 
3490 
23971 
3492 
3494 
15790 
15792 
3515 
3517 
3519 
15815 
15817 
3540 
3542 
3544 
15840 
15842 
56808 
56811 
56812 
3565 
24046 
3567 
3569 
56818 
24050 
24054 
56825 
15865 
24058 
15867 
56829 
24062 
56833 
24066 
24067 
56836 
24069 
3590 
56839 
56840 
3592 
3594 
15890 
15892 
24086 
3615 
3617 
3619 
15915 
15917 
3640 
3642 
20028 
3644 
20029 
15940 
15942 
3665 
3667 
3669 
15965 
15967 
24161 
24165 
24169 
3690 
3692 
24173 
3694 
24177 
24181 
15990 
24182 
15992 
24184 
3715 
3717 
3719 
24201 
16015 
16017 
3740 
3742 
3744 
40615 
16040 
16042 
20145 
20148 
20149 
3765 
3767 
3769 
20155 
20156 
16065 
20162 
20163 
16067 
20166 
20169 
20170 
3790 
3792 
3794 
24276 
24280 
16090 
16092 
24284 
20190 
24288 
24292 
20198 
3815 
24296 
3817 
24297 
3819 
24299 
20209 
20211 
16115 
16117 
20217 
20219 
24316 
3840 
3842 
3844 
20231 
16140 
16142 
20239 
3865 
3867 
3869 
20257 
16165 
16167 
20265 
3890 
20276 
3892 
20278 
3894 
20280 
20284 
20286 
16190 
20288 
16192 
20292 
24391 
20296 
24394 
3915 
24395 
20300 
3917 
3919 
24399 
24403 
73559 
16215 
24407 
20313 
16217 
73563 
20315 
24411 
24412 
20317 
73566 
24414 
73567 
20321 
20323 
3940 
73573 
73574 
3942 
3944 
73580 
73581 
24431 
73584 
16240 
20338 
16242 
73587 
73588 
20342 
73591 
73594 
20346 
73595 
3965 
73598 
3967 
3969 
73602 
16265 
16267 
20366 
20368 
20374 
3990 
20376 
3992 
3994 
16290 
20387 
16292 
20389 
20395 
20397 
4015 
4017 
4019 
20408 
20410 
16315 
16317 
20416 
20418 
4040 
4042 
4044 
20429 
20431 
16340 
20437 
16342 
20439 
24543 
4065 
24545 
20450 
24546 
4067 
20452 
4069 
24553 
20458 
24555 
20460 
16365 
16367 
24559 
24562 
24563 
20471 
24567 
24568 
20473 
4090 
24571 
4092 
4094 
20479 
)

// ************************************************************************* //
