/*--------------------------------*- C++ -*----------------------------------*\
| =========                 |                                                 |
| \\      /  F ield         | OpenFOAM: The Open Source CFD Toolbox           |
|  \\    /   O peration     | Version:  4.0                                   |
|   \\  /    A nd           | Web:      www.OpenFOAM.org                      |
|    \\/     M anipulation  |                                                 |
\*---------------------------------------------------------------------------*/
FoamFile
{
    version     2.0;
    format      ascii;
    class       faceSet;
    location    "2/polyMesh/sets";
    object      concaveFaces;
}
// * * * * * * * * * * * * * * * * * * * * * * * * * * * * * * * * * * * * * //


543
(
28675 
28676 
24580 
24581 
73742 
73743 
28690 
24594 
24595 
61469 
73760 
61472 
69674 
69686 
24671 
24672 
28770 
61540 
61543 
24685 
24686 
73844 
69762 
69774 
118954 
61611 
61614 
24762 
24763 
24776 
24777 
73941 
73944 
69850 
119008 
69862 
119022 
61682 
61685 
24853 
24854 
24867 
24868 
69938 
61753 
61756 
69950 
82286 
24944 
24945 
381 
24958 
24959 
61824 
61827 
82311 
70026 
70038 
119195 
82338 
82362 
82375 
61895 
61898 
25035 
25036 
82393 
25049 
25050 
82402 
70114 
70126 
37367 
82441 
61966 
61969 
82469 
25126 
25127 
74291 
74292 
25140 
25141 
70202 
37435 
37439 
70214 
82514 
62037 
62040 
82533 
25217 
25218 
37515 
25231 
25232 
70290 
62108 
70302 
62111 
82633 
82644 
25308 
25309 
82657 
62179 
82660 
62182 
70378 
25322 
25323 
82673 
70390 
82683 
82703 
74536 
74537 
62250 
62253 
82740 
25399 
25400 
74554 
70466 
836 
25413 
25414 
70478 
82768 
62321 
62324 
82831 
25490 
25491 
86938 
70554 
25504 
25505 
70566 
82860 
62392 
62395 
86973 
226271 
25581 
25582 
82930 
70642 
46067 
25595 
25596 
70654 
62463 
62466 
87070 
46135 
46139 
83008 
9282 
62534 
25672 
62537 
25673 
70730 
70742 
25686 
25687 
83033 
87172 
46215 
62605 
62608 
87197 
70818 
25763 
25764 
83113 
87210 
70830 
25777 
25778 
87236 
62676 
62679 
70906 
25854 
25855 
70918 
25868 
25869 
62747 
62750 
87336 
87355 
70994 
9558 
25945 
25946 
9564 
71006 
9569 
62818 
62821 
25959 
25960 
87446 
62889 
71082 
62892 
26036 
26037 
71094 
26050 
26051 
288206 
288212 
54763 
62960 
62963 
71170 
71182 
26127 
9743 
26128 
26141 
26142 
54831 
54835 
63031 
63034 
71258 
71270 
26218 
26219 
26232 
26233 
63102 
54911 
63105 
71346 
71358 
63173 
26309 
26310 
63176 
26323 
26324 
141013 
71434 
63244 
63247 
71446 
26400 
26401 
26414 
26415 
63315 
63318 
10076 
10081 
71522 
71534 
26491 
26492 
26505 
26506 
63386 
63389 
268206 
268207 
71610 
71622 
26582 
26583 
63457 
63459 
63460 
26596 
26597 
71698 
71710 
63527 
63528 
26673 
26674 
26687 
26688 
10329 
10335 
71786 
71798 
26764 
26765 
26778 
26779 
71874 
71886 
268506 
268513 
268516 
268519 
26855 
26856 
10474 
26869 
26870 
71962 
71974 
26946 
26947 
26960 
26961 
59743 
72050 
72062 
27037 
27038 
27051 
27052 
72138 
72150 
27128 
27129 
59903 
59910 
27142 
27143 
72226 
72238 
59978 
59981 
27219 
27220 
27233 
27234 
72314 
64129 
72326 
60049 
60052 
27310 
27311 
27324 
27325 
72402 
60120 
60123 
72414 
27401 
27402 
27415 
27416 
60191 
60194 
101160 
101162 
72490 
72502 
101214 
68446 
101215 
27492 
27493 
60262 
60265 
27506 
27507 
72578 
101255 
101256 
72590 
60333 
101296 
60336 
101299 
27583 
27584 
27597 
27598 
72666 
101341 
72678 
60404 
60407 
101369 
68614 
68630 
27674 
27675 
27688 
27689 
101419 
72754 
60475 
72766 
60478 
101458 
68706 
68718 
27765 
27766 
101496 
101497 
60546 
27779 
27780 
60549 
72842 
72854 
93361 
68794 
68806 
60617 
60620 
27856 
27857 
93397 
27870 
27871 
72930 
101603 
72942 
60688 
68882 
60691 
68894 
27947 
27948 
23861 
23862 
27961 
73018 
27962 
101700 
93524 
60759 
60762 
101729 
93541 
68970 
68982 
28038 
28039 
101776 
101777 
28052 
28053 
60830 
60833 
101818 
101821 
69058 
69070 
24030 
24031 
28129 
101858 
93666 
28130 
60901 
60904 
101868 
28143 
28144 
24048 
24049 
101892 
101894 
69146 
69158 
60972 
60975 
28220 
28221 
24125 
24126 
28234 
28235 
24139 
24140 
101976 
101977 
69234 
61043 
61046 
69246 
102024 
102025 
28311 
28312 
24216 
24217 
28325 
28326 
24230 
24231 
61114 
61117 
69322 
102101 
69334 
102103 
102128 
102129 
28402 
28403 
24307 
24308 
28416 
61185 
28417 
24321 
24322 
61188 
286480 
69410 
69422 
61256 
61259 
28493 
28494 
24398 
24399 
28507 
28508 
24412 
24413 
69498 
69510 
61327 
61330 
28584 
28585 
24489 
24490 
28598 
28599 
24503 
24504 
69586 
61398 
61401 
69598 
)

// ************************************************************************* //
