/*--------------------------------*- C++ -*----------------------------------*\
| =========                 |                                                 |
| \\      /  F ield         | OpenFOAM: The Open Source CFD Toolbox           |
|  \\    /   O peration     | Version:  4.0                                   |
|   \\  /    A nd           | Web:      www.OpenFOAM.org                      |
|    \\/     M anipulation  |                                                 |
\*---------------------------------------------------------------------------*/
FoamFile
{
    version     2.0;
    format      ascii;
    class       regIOobject;
    location    "constant/polyMesh";
    object      cellZones;
}
// * * * * * * * * * * * * * * * * * * * * * * * * * * * * * * * * * * * * * //

1
(
distributor
{
    type cellZone;
cellLabels      List<label> 
9060
(
37390
37391
37392
37395
37396
37397
37399
37400
37401
37402
37403
37404
37405
37406
37408
37409
37411
37412
37414
37415
37416
37417
37418
37419
37420
37421
37422
37425
37426
37427
37429
37430
37431
37432
37433
37434
37435
37436
168709
168710
168711
168712
168713
168714
168715
168723
168724
168725
168726
168727
168728
168729
168730
168731
168732
168733
168734
168735
168736
168744
168745
168746
168747
168748
168749
168750
168758
168759
168760
168761
168762
168763
168764
168772
168773
168774
168775
168776
168777
168778
168786
168787
168788
168789
168790
168791
168792
168793
168794
168795
168796
168797
168798
168799
168803
168804
168805
168806
168807
168808
168812
168813
168814
168815
168816
168817
168821
168822
168823
168824
168825
168826
168834
168835
168836
168837
168838
168839
168840
168848
168849
168850
168851
168852
168853
168854
168862
168863
168864
168865
168866
168867
168868
168869
168870
168871
168872
168873
187756
56685
187757
56686
187758
56687
187759
56688
187760
56689
187761
23922
56690
187762
56691
187763
23924
56692
187764
56693
187765
23926
56694
187766
56695
187767
23928
56696
187768
23929
56697
187769
56698
187770
23931
56699
187771
56700
187772
56701
187773
56702
187774
56703
187775
56704
187776
56705
187777
56706
187778
56707
187779
56708
187780
56709
187781
56710
187782
56711
187783
56712
187784
56713
187785
56714
56715
56716
56717
56718
56719
56720
56721
56722
56723
56724
56725
56726
56727
56728
56729
56730
56731
56732
56733
56734
56735
187857
187858
187859
187860
187861
187862
187863
187864
187865
187866
187867
187868
187869
187870
187871
168874
168875
137589
137590
137591
170518
170519
170520
170521
170522
170523
170524
170532
170533
170534
170535
170536
170537
170538
170539
170540
170541
170542
170543
170544
170545
170553
170554
170555
170556
170557
170558
170559
170567
170568
170569
170570
170571
170572
170573
170581
170582
170583
170584
170585
170586
170587
170595
170596
170597
170598
170599
170600
170601
170602
170603
170604
170605
170606
170607
170608
170612
170613
170614
170615
170616
170617
170621
170622
170623
170624
170625
170626
170630
170631
170632
170633
170634
170635
170643
170644
170645
170646
170647
170648
170649
170657
170658
170659
170660
170661
170662
170663
170671
170672
170673
170674
170675
170676
170677
170678
170679
170680
170681
170682
170683
170684
39886
39887
39888
39889
39890
39891
39892
39897
39898
39899
39900
39915
39916
39917
39918
39919
39920
39921
39922
39923
39924
39925
39926
39927
39928
39929
39930
39931
39932
39933
39934
39935
39936
39937
39938
39939
39940
39941
39942
39943
39944
39945
39946
39947
39948
39949
39950
39951
39952
39953
39954
39955
39956
39957
39958
39959
39960
39961
39962
39963
39964
39965
39966
39967
39968
39969
39970
39971
39972
39987
39988
39989
39990
39991
39992
39993
40001
187872
187873
187874
187875
187876
187877
187878
187879
187880
187881
187882
187883
187884
187885
187886
187887
187888
187889
187890
187891
187892
24090
24091
24093
24095
24096
24098
188006
188007
188008
188009
188010
188011
188012
188013
188014
188015
188016
188017
188018
188019
188020
188021
188022
188023
188024
188025
188026
188027
188028
188029
188030
188031
188032
188033
188034
188035
188036
188037
188038
188039
188040
188041
24216
24217
24219
24221
24222
24224
188113
188114
188115
188116
188117
188118
188119
188120
188121
188122
188123
188124
188125
188126
188127
188128
188129
188130
188131
188132
188133
188134
188135
188136
188137
188138
188139
188140
188141
188142
188143
188144
188145
40002
40003
40004
40005
40006
40007
40008
40009
40010
40011
40012
40013
40014
40015
40016
40017
40018
40019
40020
40021
40022
40023
40024
40025
40026
40027
40028
40029
40030
40031
40032
40033
40034
40035
40036
40037
40038
40039
40040
40041
40042
40043
40044
40045
40046
40047
40048
40049
40050
40051
40052
40053
40054
40055
40056
40057
40058
40059
40060
40061
40062
40063
40064
40065
40066
40067
40068
40069
40070
40071
40072
40073
40074
40075
40076
40077
40078
40079
40080
40081
40082
40083
40084
40085
40086
40087
40088
40089
40090
40091
40092
40093
40094
40095
40096
40097
40098
40099
40100
40101
40102
40103
40104
40105
40106
40107
40108
138412
40109
138413
40110
138414
138418
138419
138420
138428
40125
138429
40126
138430
40127
138431
40128
138432
40129
138433
40130
138434
40131
138442
40139
138443
40140
138444
40141
138445
40142
138446
40143
138447
40144
138448
40145
138449
40146
138450
40147
138451
40148
138452
40149
138453
40150
138454
40151
138455
40152
40153
40154
40155
40156
40157
40158
40159
138463
40160
138464
40161
138465
40162
138466
40163
138467
40164
138468
40165
138469
40166
40167
40168
40169
40170
40171
40172
188146
188147
188148
24342
24343
24345
24347
24348
24350
188220
188221
188222
188223
188224
188225
188226
188227
188228
188229
188230
188231
188232
188233
188234
188235
188236
188237
188238
188239
188240
188241
188242
188243
188244
188245
188246
188247
188248
188249
188250
188251
188252
188253
188254
57183
188255
57184
57185
57186
57187
57188
57189
57190
57191
57192
57193
57194
57195
57196
57197
57198
57199
57200
57201
57202
57203
57204
57205
57206
57207
57208
57209
57210
57211
57212
57213
57214
57215
57216
57217
57218
57219
57220
57221
57222
57223
57224
57225
57226
57227
57228
57229
57230
57231
24468
24469
24471
57239
57240
24473
57241
24474
54789
54790
54791
57242
57243
24476
57244
57245
57246
57247
57248
57249
57250
57251
57252
57253
57254
57255
188327
57256
188328
57257
188329
57258
188330
57259
188331
57260
188332
57261
188333
57262
188334
57263
188335
57264
188336
57265
188337
57266
188338
57267
188339
57268
188340
57269
188341
57270
188342
57271
188343
57272
188344
57273
188345
57274
188346
57275
188347
57276
188348
57277
188349
57278
188350
57279
188351
57280
188352
57281
188353
57282
188354
57283
188355
57284
188356
57285
188357
57286
188358
57287
188359
57288
188360
57289
188361
57290
188362
57291
57292
57293
57294
57295
57296
57297
57298
57299
57300
57301
57302
57303
57304
57305
57306
40173
40174
40175
40176
40177
40178
40179
40180
40181
40182
40183
40184
40185
40186
40187
40188
40189
40190
40191
40192
40193
40194
40195
40196
40197
40198
40199
40200
40201
139222
139223
139224
139225
139226
139227
139235
139236
139237
139238
139239
139240
139241
139249
139250
139251
139252
139253
139254
139255
139256
139257
139258
139259
139260
139261
139262
139270
139271
139272
139273
139274
139275
139276
172391
172392
172393
172394
172395
172396
172397
172405
172406
172407
172408
172409
172410
172411
172412
172413
172414
172415
172416
172417
172418
172426
172427
172428
172429
172430
172431
172432
139669
139670
139671
139672
172440
139673
172441
139674
172442
172443
172444
172445
172446
139682
139683
139684
139685
139686
172454
139687
172455
139688
172456
172457
172458
172459
172460
139696
139697
139698
139699
139700
172468
139701
172469
139702
172470
139703
172471
139704
172472
139705
172473
139706
172474
139707
172475
139708
172476
139709
172477
172478
172479
172480
172481
139717
172485
139718
172486
139719
172487
139720
172488
139721
172489
139722
172490
139723
172494
172495
172496
172497
172498
172499
172503
172504
172505
172506
172507
172508
172516
172517
172518
172519
172520
172521
172522
172530
172531
172532
172533
172534
172535
54792
172536
54793
172544
54794
54795
54796
54797
54798
172545
54799
172546
54800
172547
120520
172548
120521
172549
120522
172550
120526
172551
120527
172552
54992
172553
120528
172554
54993
172555
54994
172556
54995
172557
54996
140116
120532
140117
54997
140118
120533
140119
54998
140120
120534
140121
54999
140129
55000
140130
140131
140132
140133
140134
140135
140143
140144
55001
140145
55002
140146
120538
140147
55003
140148
120539
140149
55004
140150
120540
140151
140152
140153
140154
140155
140156
140164
140165
140166
140167
140168
140169
140170
140563
140564
140565
140566
140567
140568
140576
140577
140578
140579
140580
140581
140582
140590
140591
140592
140593
140594
140595
140596
140597
140598
140599
55005
55006
55007
55008
55009
55010
55011
55012
55013
55014
55015
55016
55017
55018
55019
55020
55021
55022
55023
55024
55025
55026
55027
55028
55029
55030
55031
55032
55033
55034
55035
55036
55037
55038
57307
57308
57309
57310
57311
57312
57313
57314
57315
57316
57317
57318
57319
57320
57321
57322
57323
57324
57325
57326
57327
57328
57329
57330
57331
57332
57333
57334
55039
55040
55041
55042
57335
55043
57336
55044
57337
57338
57339
57340
57341
55045
55046
55047
55048
55049
57342
55050
57343
55051
57344
57345
57346
57347
122883
55052
55053
55054
55055
55056
57348
55057
122884
55058
57349
55059
122885
55060
57350
55061
57351
55062
57352
55063
57353
55064
122889
55065
57354
122890
57355
122891
57356
55066
122895
55067
122896
55068
122897
55069
24594
55070
188434
55071
24595
55072
188435
57364
188436
24597
57365
122901
188437
57366
122902
188438
24599
57367
122903
188439
24600
57368
188440
57369
188441
24602
57370
188442
57371
188443
57372
188444
57373
188445
57374
188446
57375
188447
57376
188448
57377
188449
57378
188450
57379
188451
55073
55074
55075
55076
55077
55078
55079
55080
55081
55082
55083
55084
55085
55086
55087
55088
55089
55090
55091
55092
55093
55094
55095
55096
55097
55098
55099
55100
55101
55102
55103
55104
55105
55106
55107
55108
55109
55110
55111
55112
55113
55114
55115
55116
55117
55118
55119
55120
55121
55122
55123
55124
55125
55126
55127
55128
55129
55130
55131
55132
55133
55134
55135
55136
55137
55138
55139
55140
55141
55142
55143
55144
55145
55146
55147
55148
55149
55150
55151
55152
55153
55154
55155
55156
55157
55158
55159
55160
55161
55162
55163
55164
54382
55165
54383
55166
54384
55167
54385
54386
54387
55168
55169
55170
55171
55172
55173
55174
55175
55176
55177
55178
55179
55180
55181
55182
55183
55184
55185
55186
55187
55379
55380
55381
55382
55383
55384
55385
55386
55387
55388
55389
55390
55391
57380
55392
188452
57381
188453
57382
188454
57383
55393
55394
55395
55396
55397
55398
188455
55399
57384
188456
57385
188457
57386
188458
57387
188459
57388
188460
57389
188461
57390
188462
57391
188463
57392
188464
57393
188465
57394
188466
57395
188467
57396
188468
57397
188469
57398
57399
57400
57401
57402
57403
57404
57405
57406
57407
57408
57409
57410
57411
57412
57413
57414
57415
57416
57417
57418
57419
57420
57421
57422
57423
57424
57425
57426
188541
188542
188543
188544
188545
155778
188546
155779
188547
155780
188548
155781
188549
155782
188550
155783
188551
155784
188552
188553
188554
188555
188556
188557
188558
188559
24720
155792
188560
24721
155793
188561
155794
188562
24723
155795
188563
55400
55401
55402
55403
55404
55405
55406
55407
55408
55409
55410
55411
55412
55413
55414
55415
55416
55417
55418
55419
55420
55421
55422
55423
55424
55425
55426
55427
55428
55429
55430
55431
55432
55433
55434
55435
55436
55437
55438
55439
55440
55441
55442
55443
55444
55445
55446
55447
55448
55449
55450
55451
55452
55453
55454
55455
55456
55457
55458
55459
55460
55461
55462
55463
55464
55465
55466
55467
55468
55469
55470
55471
55472
55473
55474
55475
55476
55477
55478
55479
55480
55481
55482
55483
55484
55485
55486
55487
55488
55489
55490
55491
55492
55493
55494
55495
55496
55497
55498
55499
55500
55501
55502
55503
55504
55505
55506
55507
55508
55509
55510
55511
55512
55513
55514
55515
55516
55517
55518
55519
55520
55521
55522
55523
55524
55525
55526
55527
55528
55529
55530
55531
55532
55533
55534
55535
155796
188564
24725
155797
188565
24726
155798
188566
155799
188567
24728
155800
188568
155801
188569
155802
188570
155803
188571
155804
188572
155805
188573
188574
188575
188576
155813
155814
155815
155816
155817
155818
155819
155827
155828
155829
155830
155831
155832
155833
155841
155842
155843
155844
155845
155846
155847
155855
155856
155857
155858
155859
155860
155861
155862
155863
155864
155865
155866
155867
155868
155872
155873
155874
155875
155876
155877
188648
155881
188649
155882
188650
155883
188651
155884
188652
155885
188653
155886
188654
188655
188656
188657
155890
188658
155891
188659
155892
188660
155893
188661
155894
188662
155895
188663
188664
188665
188666
188667
188668
188669
188670
55536
55537
55538
55539
55540
55541
55542
55543
55544
55545
55546
55547
55548
55549
55550
55551
55552
55553
55554
55555
55556
55557
55558
55559
55560
55561
55562
55563
55564
55565
55566
55567
55568
55569
55570
55571
55572
55573
55574
153923
153924
153925
153926
153927
153928
153929
153937
153938
153939
153940
153941
153942
153943
153944
153945
153946
153947
153948
153949
153950
153958
153959
153960
153961
153962
153963
153964
153972
140600
140601
140602
140603
153973
153974
153975
153976
153977
153978
153986
153987
153988
153989
153990
153991
153992
154000
154001
154002
154003
154004
154005
154006
154007
154008
154009
154010
154011
154012
154013
154017
154018
154019
154020
154021
154022
154026
140611
140612
140613
140614
140615
140616
140617
141010
141011
141012
141013
141014
141015
141023
141024
141025
141026
141027
141028
141029
141037
141038
141039
141040
141041
141042
141043
141044
141045
141046
141047
108280
141048
108281
141049
108282
141050
108286
108287
108288
141058
141059
141060
141061
141062
141063
141064
141457
141458
141459
141460
141461
141462
141470
141471
141472
141473
141474
141475
141476
141484
141485
141486
141487
141488
141489
141490
141491
141492
141493
141494
141495
141496
174264
141497
174265
174266
174267
174268
174269
174270
141505
141506
141507
141508
141509
141510
174278
141511
174279
174280
174281
174282
174283
174284
174285
174286
174287
174288
174289
174290
174291
174299
174300
174301
174302
174303
174304
174305
174313
174314
174315
174316
174317
174318
174319
174327
174328
174329
174330
174331
174332
174333
174341
174342
174343
174344
174345
174346
174347
174348
174349
174350
174351
174352
174353
174354
174358
174359
174360
174361
174362
174363
174367
174368
174369
174370
174371
174372
174376
174377
174378
174379
174380
174381
174389
174390
174391
174392
174393
174394
174395
174403
174404
174405
174406
174407
174408
174409
174417
174418
174419
174420
174421
174422
174423
174424
174425
174426
174427
174428
174429
174430
141904
141905
141906
141907
141908
141909
154027
141917
154028
141918
154029
141919
154030
141920
154031
141921
154035
141922
141923
141931
141932
141933
141934
154036
154037
154038
154039
154040
154048
154049
154050
154051
154052
154053
154054
154062
154063
154064
154065
154066
154067
154068
55766
55767
55768
55769
55770
55771
55772
154076
141935
55773
141936
141937
141938
141939
141940
141941
141942
141943
141944
141952
141953
141954
141955
141956
141957
141958
142284
142285
142286
142287
142288
142289
142297
142298
142299
142300
142301
142302
142303
142311
142312
142313
142314
142315
142316
142317
142318
142319
142320
142321
142322
142323
142324
142332
142333
142334
142335
142336
142337
142338
142769
142770
142771
142772
142773
142774
142782
142783
142784
142785
142786
142787
142788
142796
142797
142798
142799
142800
142801
142802
142803
142804
142805
142806
142807
142808
142809
142817
142818
142819
142820
142821
142822
142823
143184
143185
143186
143187
143188
143189
143197
143198
143199
143200
143201
143202
143203
143211
143212
143213
143214
143215
143216
143217
143218
143219
155903
143220
188671
143221
155904
143222
188672
143223
155905
143224
188673
143232
155906
143233
143234
143235
143236
143237
143238
176137
188674
155907
188675
155908
188676
155909
188677
188678
188679
188680
188681
188682
188683
155917
24846
155918
24847
155919
155920
24849
155921
155922
24851
155923
24852
24854
155931
155932
155933
155934
155935
155936
155937
155938
155939
155940
155941
155942
155943
155944
24963
24964
188804
188805
24966
188806
188807
24968
188808
24969
188809
188810
24971
188811
188812
188813
188814
188815
188816
188817
188818
188819
188820
176138
188821
176139
188822
176140
188823
176141
188824
176142
176143
176151
176152
176153
176154
176155
176156
188825
176157
188826
176158
188827
176159
188828
176160
188829
176161
188830
176162
188831
176163
176164
176172
176173
176174
176175
176176
176177
188832
176178
188833
176186
25112
176187
25113
176188
25115
176189
25117
176190
25118
176191
176192
176200
176201
176202
176203
176204
176205
25120
123549
123550
25247
123551
25248
25250
123555
25252
123556
25253
123557
25255
123561
154077
55774
154078
55775
154079
55776
176206
176214
176215
154080
176216
55777
176217
154081
176218
55778
176219
154082
176220
55779
176221
154083
176222
176223
176224
176225
176226
176227
176231
176232
55780
176233
154084
176234
55781
176235
154085
176236
55782
176240
154086
176241
55783
176242
154087
176243
55784
176244
154088
176245
55785
176249
154089
176250
55786
176251
55787
176252
176253
176254
176262
176263
176264
176265
176266
55788
176267
55789
176268
55790
121326
55791
121327
55792
176276
176277
176278
176279
176280
176281
176282
176290
176291
176292
176293
176294
176295
176296
176297
176298
176299
176300
176301
176302
176303
143711
143712
143713
143714
143715
143716
143724
143725
143726
143727
143728
143729
143730
143738
143739
143740
143741
143742
143743
143744
143745
143746
143747
143748
143749
143750
143751
143759
143760
143761
143762
143763
143764
143765
144140
144141
144142
144143
144144
144145
144153
144154
144155
144156
144157
144158
144159
144167
144168
144169
144170
144171
144172
144173
144174
144175
144176
144177
144178
144179
144180
144188
144189
144190
144191
144192
144193
144194
46169
46170
46173
46174
144569
144570
144571
144572
144573
144574
144582
144583
144584
144585
144586
144587
144588
144596
144597
144598
144599
144600
144601
144602
144603
144604
144605
144606
144607
144608
144609
144617
144618
144619
144620
144621
144622
144623
46338
46339
46340
46341
46342
46343
46344
46345
46346
46347
46348
46349
46350
46351
46352
46353
46354
46355
46356
46357
46358
46359
46360
46361
46362
46363
46364
46365
46366
46367
46368
46369
46370
46371
46372
46373
46374
46375
46376
46377
46420
46421
46422
46423
46424
46425
46426
46427
46428
46429
46430
46431
46432
46433
46434
46435
46436
46437
46438
46439
46440
46441
46442
46443
46444
46445
46446
46447
46448
46449
46450
46451
46452
121328
55793
55794
55795
55796
121332
55797
121333
55798
121334
55799
46453
55800
46454
55801
46455
46456
46457
46458
46459
46502
46503
46504
55802
46505
121338
46506
55803
46507
121339
46508
55804
46509
121340
46510
55805
46511
55806
46512
55807
46513
55808
46514
121344
46515
55809
46516
121345
46517
55810
46518
46519
46520
46521
46522
46523
46524
46525
121346
46526
55811
46527
55812
46528
55813
46529
55814
46530
55815
46531
55816
46532
46533
46534
46535
46536
46537
46538
46539
46540
46541
46584
46585
46586
46587
46588
46589
46590
46591
46592
46593
46594
46595
46596
46597
46598
46599
46600
46601
46602
46603
46604
46605
46606
46607
46608
46609
46610
46611
46612
46613
46614
46615
46616
46617
46618
46619
46620
46621
46622
46623
46666
46667
46668
46669
46670
46671
46672
46673
46674
46675
46676
46677
46678
46679
46680
46681
46682
46683
46684
46685
46686
46687
46688
46689
46690
46691
46692
46693
46694
144998
46695
144999
46696
32784
32786
32787
32789
123562
123563
123567
123568
123569
25385
25386
25388
25390
25391
25393
25509
25510
25512
25514
25515
25517
25633
25634
25636
25638
25639
25641
25757
25758
25760
25762
25763
25765
25881
25882
25884
25886
25887
25889
124215
124216
124217
124221
124222
124223
124227
124228
124229
124233
124234
124235
26016
26017
26019
26021
26022
26024
26434
26435
26437
26439
26440
26442
157633
157634
157635
157636
157637
157638
157639
157647
157648
124881
157649
124882
157650
124883
157651
32790
32791
157652
157653
157654
124887
157655
124888
157656
124889
157657
157658
157659
157660
124893
124894
124895
124899
124900
157668
124901
157669
157670
157671
157672
157673
157674
157682
157683
157684
145000
46697
55817
55818
55819
55820
55821
55822
186894
55823
186895
55824
186896
55825
186897
55826
186898
55827
186899
55828
186900
55829
186901
55830
186902
55831
186903
55832
186904
55833
186905
55834
186906
55835
186907
55836
54388
54389
54390
54391
54392
54393
54394
54395
54396
54397
54398
54399
145001
46698
145002
46699
145003
46700
32792
32793
32794
32795
32796
32798
32800
32802
32803
32804
32805
32806
32807
32808
32809
32810
46701
46702
46703
46704
46705
145011
145012
145013
145014
145015
145016
145017
145025
145026
145027
145028
145029
145030
145031
145032
145033
145034
145035
145036
145037
145038
145046
145047
145048
145049
145050
145051
46748
145052
46749
46750
46751
46752
46753
46754
46755
46756
46757
46758
46759
46760
46761
46762
46763
46764
46765
46766
46767
46768
46769
46770
46771
46772
46773
46774
46775
46776
46777
46778
46779
46780
46781
46782
46783
46784
46785
46786
46787
46830
46831
46832
46833
46834
46835
46836
46837
46838
46839
46840
46841
46842
46843
46844
46845
46846
46847
46848
46849
46850
46851
32812
46852
46853
32813
46854
32815
46855
46856
32816
46857
46858
32818
46859
46860
32819
46861
32820
46862
46863
32821
46864
46865
46866
46867
46868
46869
46912
46913
46914
46915
46916
46917
46918
46919
46920
46921
46922
46923
46924
46925
46926
46927
46928
46929
46930
46931
46932
46933
46934
46935
46936
46937
46938
178010
46939
178011
46940
178012
46941
178013
46942
178014
46943
178015
46944
178016
46945
46946
46947
46948
46949
46950
46951
178024
178025
178026
178027
178028
178029
178030
178031
178032
178033
178034
178035
178036
178037
178045
178046
178047
178048
178049
178050
178051
178059
178060
178061
178062
178063
178064
178065
178073
178074
178075
178076
178077
178078
178079
178087
32822
32823
32824
32825
32826
32828
32830
32832
32833
32834
32835
32836
32837
178088
32838
178089
32839
178090
178091
32840
178092
178093
178094
178095
178096
178097
178098
178099
178100
178104
178105
178106
178107
178108
178109
178113
178114
178115
178116
178117
178118
178122
178123
47052
178124
47053
178125
47054
178126
47055
178127
47056
47057
47058
47059
47060
47061
47062
47063
178135
47064
178136
47065
178137
47066
178138
47067
178139
47068
178140
47069
178141
47070
47071
47072
47073
47074
47075
47076
47077
178149
47078
178150
47079
178151
186908
47080
55837
178152
186909
47081
55838
178153
186910
47082
55839
178154
47083
178155
47084
186911
47085
55840
47086
186912
47087
55841
47088
186913
47089
55842
47090
186914
47091
55843
178163
186915
178164
55844
178165
186916
178166
55845
178167
186917
178168
55846
178169
186918
178170
178171
157685
178172
157686
178173
55847
157687
178174
186919
157688
178175
55848
157696
178176
186920
157697
145427
55849
157698
145428
186921
145429
55850
145430
186922
145431
55851
145432
47134
47135
47136
186923
157699
145440
55852
157700
47137
186924
157701
145441
55853
157702
47138
186925
157710
145442
55854
157711
47139
186926
157712
145443
55855
157713
47140
186927
157714
145444
55856
157715
47141
186928
157716
145445
55857
157717
47142
186929
157718
145446
55858
157719
47143
55859
47144
47145
47146
47147
47148
47149
47150
157720
145454
157721
47151
157722
145455
157723
47152
157727
145456
157728
33241
47153
157729
145457
33243
47154
33244
145458
47155
33246
145459
47156
33247
145460
47157
157730
33248
145461
157731
33249
47158
157732
145462
157736
33250
47159
157737
145463
157738
47160
157739
145464
47161
145465
47162
145466
47163
145467
47164
157740
47165
157741
47166
157745
47167
157746
47168
157747
47169
157748
47170
157749
47171
145475
47172
145476
47173
145477
145478
145479
157750
145480
157758
145481
157759
47237
157760
47238
157761
47239
157762
47240
157763
47241
157764
47242
157772
47243
157773
47244
157774
47245
157775
47246
157776
47247
157777
47248
47249
47250
47251
157778
47252
157786
47253
157787
47254
157788
47255
157789
47256
157790
47257
47258
47259
157791
157792
157793
157794
157795
157796
157797
157798
157799
27237
27238
27239
27240
125547
125548
125549
27248
27249
125553
27250
125554
27251
125555
27252
27253
27254
27255
125559
27256
125560
125561
27258
27259
27260
27261
125565
27262
125566
125567
27264
33251
33252
33253
33255
33257
33259
33260
33261
47260
47261
47262
47263
47264
47265
47266
47267
47268
47269
47270
47271
47272
47273
47274
47275
47276
47319
47320
47321
47322
47323
47324
47325
47326
47327
47328
47329
47330
47331
47332
33262
47333
47334
33263
47335
33264
47336
47337
33265
47338
47339
33266
47340
47341
33267
47342
33269
47343
47344
33270
47345
47346
47347
47348
47349
47350
47351
47352
47353
47354
47355
47356
47357
47358
47401
47402
47403
47404
47405
47406
47407
47408
47409
47410
47411
47412
47413
47414
47415
47416
47417
47418
47419
47420
54400
47421
54401
47422
54402
47423
47424
47425
47426
54403
47427
54404
47428
54405
47429
47430
47431
47432
54406
47433
54407
47434
54408
47435
47436
47437
47438
54409
47439
54410
47440
54411
47483
47484
47485
47486
47487
47488
47489
47490
47491
47492
47493
47494
47495
47496
47497
47498
47499
47500
47501
47502
47503
47504
47505
47506
47507
47508
47509
47510
47511
47512
47513
47514
47515
47516
47517
47518
47519
47520
47521
47522
47565
47566
47567
47568
47569
47570
47571
47572
47573
47574
47575
47576
47577
47578
47579
47580
47581
47582
47583
47584
47585
47586
47587
47588
47589
47590
47591
47592
47593
47594
47595
47596
47597
47598
47599
47600
47601
47602
47603
47604
145933
145934
145935
145936
145937
145938
145946
145947
145948
145949
145950
47647
145951
47648
145952
47649
47650
47651
47652
33272
33273
33275
33276
33277
33278
33279
33280
33281
33282
33283
33285
47653
47654
33287
47655
47656
33289
145960
33290
47657
145961
33291
47658
145962
47659
145963
47660
145964
47661
145965
47662
145966
47663
145967
47664
145968
47665
145969
47666
145970
47667
145971
47668
145972
47669
145973
47670
47671
47672
47673
47674
47675
47676
47677
145981
47678
145982
47679
145983
47680
145984
47681
145985
47682
145986
47683
145987
47684
47685
47686
47729
47730
47731
47732
47733
47734
47735
47736
47737
47738
47739
47740
47741
47742
47743
47744
47745
47746
47747
47748
47749
47750
47751
47752
47753
47754
47755
47756
47757
47758
47759
47760
47761
47762
47763
47764
47765
47766
47767
47768
47825
47826
47827
47828
47829
47830
47831
47839
47840
47841
47842
47843
47844
47845
47846
47847
47848
47852
47853
47854
47855
47856
47857
47861
47862
47863
47864
47865
47866
47867
47868
47869
47870
47878
47879
47880
47881
47882
47883
47884
15280
15282
15284
15286
179883
179884
179885
179886
179887
179888
179889
179897
179898
179899
179900
179901
179902
179903
179904
179905
179906
179907
179908
179909
179910
179918
33292
179919
179920
33293
179921
33294
179922
179923
33295
179924
179932
33296
179933
179934
33297
179935
33772
179936
179937
33774
179938
179946
179947
179948
179949
179950
179951
179952
179960
179961
179962
179963
179964
179965
179966
179967
179968
179969
179970
179971
179972
179973
179977
33775
33777
33778
33779
33780
33781
33782
33783
54412
54413
54605
54606
54607
54608
54609
54610
54611
54612
54613
54614
179978
179979
179980
179981
179982
179986
179987
179988
179989
179990
179991
179995
179996
179997
179998
179999
180000
16165
16168
180008
180009
180010
180011
180012
180013
180014
180022
180023
180024
180025
180026
180027
180028
180036
180037
180038
180039
180040
180041
180042
180043
180044
180045
180046
180047
180048
180049
49033
49034
147515
147516
147517
147518
147519
147520
147528
147529
147530
147531
147532
33784
147533
147534
33786
147542
33788
147543
147544
33790
147545
147546
33791
147547
147548
33792
147549
33793
147550
147551
33794
147552
147553
147554
147555
147563
147564
147565
147566
147567
147568
147569
115024
115025
115026
115030
115031
115032
115036
115037
115038
115042
115043
115044
49672
49673
49674
49675
49676
49677
16978
16980
16981
16983
16985
16987
16988
16990
17389
17391
17392
17394
17396
17398
17399
17401
50204
50205
50206
50207
50208
50209
50210
50211
50212
50213
50214
50215
50216
50217
50218
50219
50220
50221
50222
50223
50224
50225
50226
50227
50228
50229
50230
50231
50232
50233
50234
50235
50236
50237
50238
50239
50240
50241
50242
50243
50244
50245
50246
50247
50248
50249
50250
50251
50252
50253
50254
50255
50256
50257
50258
50259
50260
50261
50262
50263
50264
50265
50266
50267
50268
50269
50270
50271
50272
50273
50274
50275
50276
50277
50278
50279
50280
50281
50282
33795
33796
33797
33798
33800
33801
33803
33804
33806
33807
33808
33809
33810
33811
33812
33813
50283
50284
50285
50286
50287
50288
50289
50290
50291
50292
50293
50294
50295
50296
50297
50298
17531
50299
50300
17533
50301
17534
50302
50303
17536
50304
50305
17538
50306
50307
17540
50308
17541
50309
50310
17543
50311
50312
50313
50314
50315
50316
50317
50318
50319
50320
50321
50322
50323
50324
50325
50326
50327
50328
50329
50330
50331
50332
50333
50334
50335
50336
50337
50338
50339
50340
50341
50342
50343
50344
50345
50346
50347
50348
50349
50350
50351
50352
50353
50354
50355
50356
50357
50358
50359
50360
50361
50362
50363
50364
50365
50366
50367
50368
50369
50370
50371
50372
50373
50374
50375
50376
33814
50377
50378
33816
50379
33818
50380
50381
33820
50382
50383
33821
50384
50385
33822
50386
33823
50387
50388
33824
50389
50390
50391
50392
50393
50394
50395
50396
50397
50398
50399
17673
17675
17676
17678
17680
17682
17683
17685
17815
17817
17818
17820
17822
50591
17824
50592
17825
50593
50594
17827
50595
50596
50597
50598
50599
50600
50601
50602
50603
50604
50605
50606
50607
50608
50609
50610
50611
50612
50613
50614
50615
50616
50617
50618
50619
50620
50621
50622
50623
50624
50625
50626
50627
50628
50629
50630
50631
50632
50633
50634
50635
50636
50637
50638
50639
50640
50641
50642
50643
50644
50645
54615
54616
54617
54618
54619
54620
54621
54622
54623
54624
54625
33825
54626
33826
33827
33828
165053
165054
165055
165056
50646
50647
50648
50649
50650
50651
50652
50653
50654
50655
50656
50657
50658
50659
148963
50660
148964
50661
148965
50662
148966
50663
148967
165057
50664
148968
165058
50665
165059
50666
50667
165067
50668
148972
165068
50669
148973
165069
50670
165070
148974
50671
165071
148975
50672
148976
50673
148977
50674
148978
50675
148979
50676
148980
50677
148981
50678
148982
50679
148983
50680
148984
50681
148985
50682
148986
50683
50684
181756
50685
181757
50686
148990
181758
50687
148991
181759
50688
148992
181760
50689
148993
181761
50690
148994
181762
50691
148995
50692
148996
50693
148997
50694
148998
50695
50696
50697
50698
149002
181770
50699
149003
181771
50700
149004
181772
50701
149005
181773
50702
149006
181774
50703
149007
181775
50704
149008
181776
50705
149009
181777
50706
149010
181778
50707
149011
181779
50708
149012
181780
50709
149013
181781
50710
149014
181782
50711
149015
181783
50712
149016
50713
50714
50715
50716
50717
50718
50719
181791
50720
181792
50721
181793
50722
181794
50723
181795
50724
181796
17957
50725
181797
50726
17959
50727
17960
50728
50729
17962
50730
50731
17964
50732
50733
181805
17966
50734
181806
17967
50735
181807
50736
181808
17969
50737
181809
50738
181810
50739
181811
50740
50741
50742
50743
50744
50745
50746
50747
181819
50748
181820
50749
181821
50750
181822
50751
181823
50752
181824
50753
181825
50754
50755
50756
50757
50758
50759
50760
50761
181833
50762
181834
50763
181835
50764
181836
50765
181837
50766
181838
50767
181839
50768
181840
50769
181841
50770
181842
50771
181843
50772
181844
50773
181845
50774
181846
50775
50776
50777
50778
181850
50779
181851
50780
181852
50781
181853
50782
181854
50783
181855
50784
50785
50786
181859
181860
181861
181862
181863
181864
181868
181869
181870
181871
181872
181873
181881
181882
181883
181884
181885
181886
181887
181895
181896
181897
181898
181899
181900
181901
181909
181910
181911
181912
181913
181914
181915
181916
181917
181918
181919
181920
181921
181922
18099
18101
18102
18104
18106
18108
18109
54627
18111
54628
50978
54629
50979
50980
50981
50982
54630
50983
54631
50984
54632
50985
50986
50987
50988
54633
50989
54634
50990
54635
50991
50992
50993
50994
54636
50995
54637
50996
54638
50997
50998
50999
51000
51001
51002
51003
51004
51005
51006
51007
51008
18241
51009
51010
18243
51011
18244
51012
51013
18246
51014
51015
18248
51016
51017
18250
51018
18251
51019
51020
18253
51021
51022
51023
51024
51025
51026
51027
51028
51029
51030
51031
51032
51033
51034
27265
51035
27266
51036
27268
51037
27269
51038
27270
51039
27271
51040
27272
51041
51042
51043
51044
51045
51046
51047
51048
27273
51049
27274
51050
27275
51051
27276
51052
27284
51053
27285
51054
27286
116590
27287
51055
27288
116591
27289
27290
126213
126214
126215
126219
126220
126221
126225
126226
126227
126231
126232
126233
60750
60751
60752
60753
60754
60755
60772
60773
60774
60775
60776
60777
159488
159489
159490
159491
159492
159493
159494
159502
159503
159504
159505
159506
159507
159508
159509
159510
159511
159512
159513
159514
159515
159523
159524
159525
159526
159527
165072
165073
165074
165075
165076
165077
165078
165079
165080
165088
165089
165090
165091
165092
165093
165094
165102
165103
165104
165105
165106
165107
165108
165116
165117
165118
165119
165120
165121
165122
165130
165131
51056
116592
51057
51058
51059
51060
116596
51061
116597
51062
116598
51063
51064
51065
51066
116602
51067
116603
51068
116604
51069
51070
51071
51072
116608
51073
116609
51074
116610
51075
51076
51077
51078
51079
51080
51081
51082
51083
51084
51085
51086
51087
51088
51089
51090
51091
51092
51093
51094
51095
51096
51097
51098
51099
51100
51101
51102
51103
51104
51105
51106
51107
51108
51109
51110
51111
51112
51113
51114
51115
51116
51117
51118
51119
51120
51121
51122
51123
51124
51125
51126
51127
51128
51129
51130
51131
51132
51133
51134
51135
51136
51137
51138
51139
51140
51141
51142
51143
51144
51145
51146
51147
51148
51149
51150
51151
51152
51153
51154
51155
51156
51157
51158
51159
51160
51161
51162
51163
51164
51165
51166
51167
51168
51169
51170
51171
51172
51173
18410
18412
18413
18415
18417
18419
18420
18422
18592
18594
18595
18597
51365
51366
18599
51367
51368
18601
51369
18602
51370
51371
18604
51372
51373
51374
51375
51376
51377
51378
51379
51380
51381
51382
51383
51384
51385
51386
51387
51388
51389
51390
51391
51392
51393
51394
51395
51396
51397
51398
51399
51400
51401
51402
51403
51404
51405
51406
51407
51408
51409
51410
51411
51412
51413
51414
51415
51416
54639
54640
54641
54642
54643
54644
54645
54646
54647
54648
54649
54650
55860
55861
55862
55863
55864
55865
55866
55867
55868
55869
55870
55871
55872
55873
55874
55875
55876
55877
55878
55879
55880
55881
55882
55883
55884
55885
55886
55887
55888
55889
55890
55891
55892
55893
55894
55895
55896
55897
55898
51417
55899
51418
55900
51419
55901
51420
51421
51422
51423
51424
51425
51426
51427
55902
51428
55903
51429
55904
51430
55905
51431
55906
51432
55907
51433
55908
51434
55909
51435
55910
51436
55911
51437
55912
51438
55913
51439
55914
51440
55915
51441
51442
51443
51444
55916
51445
55917
51446
55918
51447
55919
51448
55920
51449
55921
51450
55922
51451
55923
51452
55924
51453
51454
51455
51456
55925
51457
55926
51458
55927
51459
51460
51461
51462
55928
51463
55929
51464
187001
51465
55930
51466
187002
51467
55931
51468
51469
51470
51471
51472
51473
51474
51475
187003
51476
55932
51477
187004
51478
55933
51479
187005
51480
55934
51481
187006
51482
51483
51484
51485
51486
51487
51488
51489
55935
51490
187007
51491
55936
51492
187008
51493
55937
51494
187009
51495
55938
51496
51497
51498
51499
51500
51501
51502
51503
187010
51504
55939
51505
187011
51506
55940
51507
187012
51508
55941
51509
187013
51510
55942
51511
187014
51512
55943
51513
187015
51514
55944
51515
187016
51516
55945
51517
51518
51519
51520
51521
51522
51523
51524
51525
18758
51526
51527
18760
51528
18761
51529
51530
18763
51531
51532
18765
51533
51534
18767
51535
18768
51536
51537
18770
51538
51539
51540
51541
51542
51543
51544
51545
51546
51547
51548
51549
51550
51551
51552
51553
51554
51555
51556
51557
51558
51559
51560
18901
18903
18904
18906
18908
18910
18911
18913
117245
117246
117247
117251
117252
117253
117257
117258
117259
117263
117264
117265
51752
51753
51754
51755
51756
51757
51758
51759
51760
51761
51762
51763
51764
51765
51766
51767
51768
51769
51770
51771
51772
51773
51774
51775
51776
51777
51778
51779
51780
51781
51782
51783
51784
51785
51786
51787
51788
51789
51790
51791
51792
51793
51794
51795
51796
51797
51798
51799
51800
51801
51802
51803
51804
51805
51806
51807
51808
51809
51810
51811
19044
51812
51813
19046
51814
19047
51815
51816
19049
51817
51818
19051
51819
51820
19053
51821
19054
51822
51823
19056
51824
51825
51826
51827
51828
51829
51830
51831
51832
51833
51834
51835
51836
51837
51838
51839
51840
51841
51842
51843
51844
51845
51846
51847
51848
51849
51850
51851
51852
51853
51854
51855
51856
51857
51858
51859
51860
51861
51862
51863
51864
51865
51866
51867
51868
51869
51870
51871
51872
51873
51874
51875
51876
51877
51878
51879
54651
51880
54652
51881
54653
51882
51883
51884
51885
54654
51886
54655
51887
54656
51888
51889
51890
51891
54657
51892
54658
51893
54659
51894
51895
51896
51897
54660
51898
54661
51899
54662
51900
51901
51902
51903
51904
51905
51906
51907
51908
51909
51910
51911
51912
51913
51914
51915
51916
51917
51918
51919
51920
51921
51922
51923
51924
51925
51926
51927
51928
51929
51930
51931
51932
51933
51934
51935
51936
51937
51938
51939
51940
51941
51942
51943
51944
51945
51946
51947
19187
19189
19190
19192
19194
19196
19197
19199
19330
19332
19333
19335
19337
19339
19340
19342
52139
52140
52141
52142
52143
52144
52145
52146
52147
52148
52149
52150
52151
52152
52153
52154
52155
52156
52157
52158
52159
52160
52161
52162
52163
52164
52165
52166
52167
52168
52169
52170
52171
52172
52173
52174
52175
52176
52177
52178
52179
52180
52181
52182
52183
52184
52185
52186
52187
52188
52189
52190
52191
52192
52193
52194
52195
52196
52197
52198
52199
52200
52201
52202
52203
52204
52205
52206
52207
52208
52209
52210
52211
52212
52213
52214
52215
52216
52217
52218
52219
52220
52221
52222
52223
52224
52225
52226
52227
52228
52229
52230
52231
52232
52233
52234
52235
52236
52237
52238
52239
52240
19473
52241
52242
19475
52243
19476
52244
52245
19478
52246
52247
19480
52248
52249
19482
52250
19483
52251
52252
19485
52253
52254
52255
52256
52257
52258
52259
52260
52261
52262
52263
52264
52265
52266
52267
52268
52269
52270
52271
52272
52273
52274
52275
52276
52277
52278
52279
52280
52281
52282
52283
52284
52285
52286
52287
52288
52289
52290
52291
52292
52293
52294
52295
52296
52297
52298
52299
52300
52301
52302
52303
52304
52305
52306
52307
52308
52309
52310
52311
52312
52313
52314
52315
52316
52317
52318
52319
52320
52321
52322
52323
52324
52325
52326
54663
54664
54665
54666
54667
52327
54668
52328
52329
52330
52331
54669
52332
54670
52333
54671
52334
117900
117901
117902
54672
117906
54673
117907
54674
117908
117912
117913
117914
117918
117919
19616
117920
19618
19619
19621
19623
19625
19626
19628
52526
52527
52528
52529
52530
52531
52532
52533
52534
52535
52536
52537
52538
52539
52540
52541
52542
52543
52544
52545
52546
52547
52548
19781
52549
52550
19783
52551
19784
52552
52553
19786
52554
52555
19788
52556
52557
19790
52558
19791
52559
52560
19793
52561
52562
52563
52564
52565
52566
52567
52568
52569
52570
52571
52572
52573
52574
52575
52576
52577
52578
52579
52580
52581
52582
52583
52584
52585
52586
52587
52588
52589
52590
52591
52592
52593
52594
52595
52596
52597
52598
52599
52600
52601
52602
52603
52604
52605
52606
52607
52608
52609
52610
52611
52612
52613
52614
52615
52616
52617
52618
52619
52620
52621
52622
52623
52624
52625
52626
52627
52628
52629
52630
52631
52632
52633
52634
52635
52636
52637
52638
52639
52640
52641
52642
52643
52644
52645
52646
52647
52648
52649
52650
52651
52652
52653
52654
52655
52656
52657
52658
52659
52660
52661
52662
52663
52664
52665
52666
52667
52668
52669
52670
52671
52672
52673
52674
52675
52676
52677
52678
52679
52680
52681
52682
52683
52684
52685
52686
52687
52688
52689
52690
52691
52692
52693
52694
52695
52696
52697
52698
52699
52700
52701
52702
52703
52704
52705
52706
52707
52708
52709
52710
52711
52712
52713
52714
52715
52716
52717
52718
52719
52720
52721
52913
52914
52915
52916
52917
52918
52919
52920
52921
52922
52923
52924
52925
52926
52927
52928
52929
52930
52931
52932
52933
52934
52935
52936
52937
52938
52939
52940
52941
52942
52943
52944
52945
52946
52947
52948
52949
52950
52951
52952
52953
52954
52955
52956
52957
52958
52959
52960
52961
52962
52963
52964
52965
52966
52967
52968
52969
52970
52971
52972
52973
52974
52975
52976
52977
52978
52979
52980
52981
52982
52983
52984
52985
52986
52987
52988
52989
52990
52991
52992
52993
52994
52995
52996
52997
52998
52999
53000
53001
53002
53003
53004
53005
53006
53007
53008
53009
53010
53011
53012
53013
53014
53015
53016
53017
53018
53019
118555
53020
118556
53021
118557
53022
53023
53024
53025
118561
53026
118562
53027
118563
53028
53029
53030
53031
118567
53032
118568
53033
118569
53034
53035
53036
53037
118573
53038
118574
53039
118575
53040
53041
53042
53043
53044
53045
53046
53047
53048
53049
53050
53051
53052
53053
53054
53055
53056
53057
53058
53059
53060
187017
55946
187018
55947
187019
55948
187020
55949
187021
55950
187022
55951
187023
55952
187024
55953
187025
55954
187026
55955
187027
55956
187028
55957
187029
55958
187030
55959
187031
55960
187032
55961
187033
187034
187035
187036
187108
187109
187110
187111
187112
187113
187114
187115
187116
187117
187118
187119
187120
187121
187122
187123
187124
187125
187126
187127
187128
187129
187130
187131
187132
187133
187134
187135
187136
187137
187138
187139
187140
187141
187142
187143
187215
187216
187217
187218
187219
187220
187221
187222
187223
187224
56153
187225
56154
187226
56155
187227
53061
53062
53063
53064
53065
53066
53067
56156
53068
187228
53069
56157
53070
187229
53071
56158
53072
187230
53073
56159
53074
187231
53075
56160
53076
187232
53077
56161
53078
187233
53079
56162
53080
187234
53081
53082
53083
53084
53085
54675
184157
54676
53086
54677
184158
53087
184159
53088
54678
184160
54679
53089
54680
184161
53090
184162
53091
54681
184163
54682
53092
54683
53093
53094
53095
53096
54684
53097
54685
53098
54686
53099
184171
53100
184172
53101
184173
53102
184174
53103
184175
53104
184176
159528
53105
159529
184177
159537
53106
159538
184178
159539
53107
159540
184179
159541
53108
159542
184180
159543
184181
159551
184182
159552
184183
159553
184184
159554
184192
159555
184193
159556
184194
159557
184195
159565
184196
159566
184197
159567
184198
159568
184206
159569
184207
159570
184208
159571
184209
159572
184210
159573
184211
159574
184212
159575
184220
159576
184221
159577
184222
159578
184223
159582
184224
159583
184225
159584
184226
159585
184230
159586
184231
159587
184232
184236
184237
184238
184239
184240
184241
184245
184246
184247
184255
184256
184257
184258
184259
184260
184261
184269
184270
184271
184272
184273
184274
184275
20538
20541
20542
20543
20544
20545
20546
20549
20551
20552
20553
20554
20555
20556
20557
20558
20559
20560
20561
20562
20563
20564
20567
20569
20570
20571
20572
20573
20574
20575
20576
20577
53348
53349
53350
53351
53352
53353
53354
53355
53356
53357
53358
53359
53360
53361
53362
53363
159591
53364
159592
53365
159593
53366
159594
53367
159595
53368
159596
53369
159600
53370
159601
53371
159602
53372
159603
53373
159604
53374
159605
53375
159613
53376
159614
53377
159615
53378
159616
53379
159617
53380
159618
53381
159619
53382
159627
53383
159628
53384
159629
53385
159630
53386
159631
53387
159632
53388
159633
53389
159641
53390
159642
53391
159643
53392
159644
53393
159645
53394
159646
53395
126879
159647
126880
159648
126881
159649
159650
159651
159652
126885
159653
126886
159654
126887
126891
126892
126893
126897
126898
126899
28885
28886
28887
28888
28889
28890
28891
28896
28897
28898
28899
28914
28915
28916
28917
28918
28919
28920
28921
28922
28923
28924
127685
127686
127687
127691
127692
127693
29767
29769
53396
29770
53397
29772
53398
29773
53399
29774
53400
29775
53401
29776
53402
29777
53403
29778
53404
29779
53405
29781
53406
29783
53407
29785
53408
29786
53409
29787
53410
29788
53411
29789
53412
29790
53413
29791
53414
29792
53415
29793
53416
29795
53417
29796
53418
29797
53419
29799
53420
29801
53421
29802
53422
53423
53424
53425
53426
53427
53428
53429
53430
53431
53432
53433
53434
53435
53436
53437
53438
53439
53440
53441
53442
53443
53444
53445
53446
53447
53448
53449
53450
53451
53452
53453
53454
53455
53456
53457
53458
53459
53460
53461
53462
53463
53464
53465
53466
53467
53468
53469
53470
53471
53472
53473
53474
53475
53476
53477
53478
53479
53480
53481
53482
53483
53484
53485
53486
53487
53488
53489
53490
53491
53492
53493
29803
53494
29804
53495
29805
53496
29806
53497
29807
53498
29808
53499
29809
53500
29811
53501
29813
53502
29815
53503
29816
53504
29817
53505
29818
53506
29819
53507
29820
53508
29821
53509
29822
53510
29823
53511
30198
53512
30200
53513
30201
53514
30203
53515
30204
53516
30205
53517
30206
53518
30207
53519
30208
53520
30209
53521
30210
53522
30212
53523
30214
53524
30216
53525
30217
53526
30218
53527
30219
53528
30220
53529
53530
53531
53532
53533
53534
53535
53536
53537
53538
53539
53540
53541
53542
53543
119210
119211
119212
119216
119217
119218
119222
119223
119224
119228
119229
119230
152068
152069
152070
152071
152072
152073
152074
152082
152083
152084
152085
152086
152087
152088
152089
152090
152091
152092
152093
152094
152095
152103
152104
152105
152106
152107
152108
152109
152117
152118
152119
152120
152121
152122
152123
152131
30221
30222
30223
30224
30226
30227
30229
30230
30232
30233
30234
30235
30236
30237
30238
30239
30240
30242
30244
30246
30247
30248
30249
30250
30251
30252
30253
30254
161343
161344
161345
161346
161347
161348
161349
161357
165132
161358
161359
161360
161361
161362
161363
161364
161365
161366
161367
161368
161369
161370
161378
161379
161380
161381
161382
161383
161384
161392
161393
161394
161395
161396
161397
161398
161406
161407
161408
161409
161410
161411
161412
161420
161421
152132
152133
152134
53831
152135
53832
152136
53833
152137
53834
53835
53836
53837
53838
53839
53840
53841
152145
53842
152146
53843
152147
53844
152148
53845
152149
53846
152150
53847
152151
53848
152152
161422
53849
161423
152153
161424
53850
161425
152154
161426
53851
161427
152155
161428
53852
54687
161429
152156
54688
161430
53853
54689
161431
152157
161432
53854
161433
152158
161437
53855
54690
161438
53856
54691
161439
53857
54692
161440
53858
161441
152162
161442
53859
161446
152163
54693
161447
53860
54694
161448
152164
54695
161449
53861
161450
152165
161451
53862
161455
152166
54696
161456
53863
54697
161457
152167
54698
161458
53864
161459
152168
161460
53865
161468
152169
161469
53866
161470
152170
161471
53867
161472
53868
161473
53869
53870
152174
53871
152175
53872
152176
53873
53874
53875
53876
152180
53877
152181
53878
152182
53879
152183
53880
152184
53881
152185
53882
53883
53884
53885
53886
53887
53888
53889
152193
53890
152194
53891
152195
53892
152196
53893
152197
53894
152198
53895
152199
53896
53897
53898
53899
53900
53901
53902
53903
152207
53904
152208
53905
152209
53906
152210
53907
152211
53908
152212
53909
152213
53910
53911
53912
53913
53914
53915
53916
53917
161474
152221
161482
53918
161483
152222
161484
53919
161485
152223
161486
53920
161487
152224
161488
53921
161496
152225
161497
53922
161498
152226
161499
165133
53923
161500
152227
161501
165134
53924
161502
152228
161503
165135
53925
161504
152229
161505
165136
53926
161506
165137
152230
161507
53927
161508
165138
152231
161509
53928
30629
152232
30631
53929
30632
152233
30634
53930
30635
152234
30636
53931
30637
53932
30638
53933
30639
53934
30640
53935
30641
53936
30643
53937
30645
53938
30647
53939
53940
53941
53942
53943
53944
53945
53946
53947
53948
53949
53950
53951
53952
53953
53954
53955
53956
53957
53958
53959
53960
30648
30649
30650
30651
30652
30653
30654
30655
30657
30658
30660
30661
30663
30664
30665
30666
30667
30668
30669
30670
30671
30673
30675
30677
30678
30679
30680
30681
30682
30683
30684
30685
31060
31062
31063
31065
165139
165140
165141
165142
165143
165147
31066
31067
31068
31069
31070
31071
31072
31074
31076
31078
31079
31080
31081
31082
31083
31084
31085
31086
31088
31089
31091
31092
31094
31095
31096
31097
31098
31099
31100
31101
31102
31104
31106
31108
31109
31110
165148
165149
165150
165151
165152
165156
31111
31112
31113
31114
31115
31116
31491
31493
31494
31496
31497
31498
31499
31500
31501
31502
31503
31505
31507
31509
31510
31511
31512
31513
31514
31515
31516
31517
31519
31520
31522
31523
31525
31526
31527
31528
165157
165158
165159
165160
165161
165165
31529
31530
31531
31532
31533
31535
31537
31539
31540
31541
31542
31543
31544
31545
31546
31547
31922
31924
31925
31927
31928
31929
31930
31931
31932
31933
31934
31936
31938
31940
31941
31942
31943
31944
31945
53961
31946
53962
53963
53964
53965
53966
53967
53968
53969
53970
53971
53972
53973
53974
53975
53976
53977
53978
53979
53980
53981
53982
53983
53984
53985
53986
53987
53988
53989
53990
53991
53992
53993
53994
53995
53996
53997
53998
53999
54000
54001
54002
54003
54004
54005
54006
54007
54008
54009
165166
165167
165168
54010
54011
165169
54012
165170
54013
54014
165178
54015
54016
54017
54018
54019
54020
54021
54022
54023
54024
54025
54026
31947
54218
31948
54219
31950
54220
31951
54221
31953
54222
31954
54223
31956
54224
31957
54225
31958
54226
31959
54227
31960
54228
31961
54229
31962
54230
31963
54231
31964
54232
31966
54233
31968
54234
31970
54235
31971
54236
31972
54237
31973
54238
31974
54239
31975
54240
31976
54241
31977
54242
31978
54243
163198
54244
163199
54245
163200
54246
163201
54247
163202
54248
163203
54249
163204
54250
163212
54251
163213
54252
163214
54253
54254
54255
54256
54257
54258
54259
54260
54261
54262
54263
54264
54265
54266
54267
54268
54269
54270
54271
54272
54273
54274
54275
54276
54277
54278
54279
54280
54281
54282
54283
54284
54285
54286
54287
54288
54289
54290
54291
54292
54293
54294
54295
54296
54297
54298
54299
54300
54301
54302
54303
54304
54305
54306
54307
54308
54309
54699
54310
54700
54311
54701
54312
54313
54314
54315
54702
54316
54703
54317
54704
54318
54705
54706
54707
165179
163215
165180
163216
54319
163217
165181
54320
54708
163218
54321
54709
163219
165182
54322
54710
163220
165183
54323
163221
54324
163222
165184
54325
163223
54326
163224
54327
163225
54328
163233
54329
163234
119865
163235
54330
163236
119866
163237
54331
163238
119867
163239
54332
163247
54333
163248
54334
163249
54335
163250
119871
163251
54336
163252
119872
163253
54337
163261
119873
163262
54338
163263
54339
163264
54340
163265
54341
163266
119877
163267
54342
163275
119878
163276
54343
163277
119879
163278
54344
54345
54346
54347
119883
54348
119884
54349
119885
54350
54351
54352
54353
54354
54355
54356
54357
54358
54359
54360
54361
54362
54363
54364
54365
54366
54367
54368
54369
163279
163280
163281
163282
163283
56163
163284
187235
163285
56164
163286
187236
163287
56165
163288
187237
163292
56166
163293
163294
163295
163296
163297
163301
163302
163303
165192
187238
163304
165193
56167
163305
187239
163306
165194
56168
163310
187240
163311
165195
56169
163312
165196
187241
163313
56170
163314
165197
187242
163315
56171
163323
187243
163324
56172
163325
187244
163326
56173
163327
163328
163329
163337
187245
56174
187246
56175
187247
56176
187248
56177
187249
56178
187250
56179
56180
56181
56182
56183
56184
56185
56186
56187
56188
56189
56190
56191
56192
56193
56194
56195
56196
56197
56198
56199
56200
56201
56202
56203
56204
56205
56206
56207
56208
163338
56209
163339
56210
163340
56211
163341
56212
163342
56213
163343
56214
163351
163352
163353
163354
56215
163355
56216
163356
56217
163357
56218
163358
56219
163359
56220
163360
163361
163362
163363
163364
32353
32355
32356
56221
32358
56222
32359
56223
32360
56224
32361
56225
32362
56226
32363
56227
32364
32365
32367
32369
32371
32372
32373
56228
165198
56229
165206
56230
56231
165207
56232
56233
165208
56234
165209
165210
56235
56236
56237
56238
56239
56240
56241
56242
56243
56244
56245
56246
56247
56248
165211
165212
32374
32375
165213
32376
32377
165214
32378
165215
32379
32381
165216
32382
32384
32385
32387
32388
32389
32390
32391
32392
32393
32394
32395
32397
32399
32401
32402
32403
32404
32405
32406
32407
32408
32409
165217
165218
165219
34237
34239
34240
54711
54712
34242
54713
34243
34244
54714
34245
54715
34246
54716
34247
54717
54718
54719
54720
54721
54722
34248
34249
34251
34253
34255
34256
34257
34258
34259
34260
34261
34262
34263
34265
34266
34268
34269
34271
34272
34273
34274
34275
34276
34277
34278
34279
34281
34283
34285
34286
54723
54724
54725
54726
54727
54728
54729
54730
54731
54732
54733
54734
34287
34288
34289
34290
34291
34292
34293
34670
34672
34673
34675
34676
56249
56250
187322
56251
187323
56252
187324
56253
187325
54735
56254
54736
187326
54737
56255
187327
56256
187328
54738
56257
54739
187329
54740
56258
187330
56259
187331
54741
54742
54743
54744
54745
56260
54746
187332
56261
187333
56262
187334
56263
187335
56264
187336
56265
187337
56266
187338
56267
187339
56268
187340
56269
187341
56270
187342
56271
187343
56272
187344
56273
187345
56274
187346
56275
187347
56276
187348
56277
187349
56278
187350
56279
187351
56280
187352
56281
187353
56282
187354
56283
187355
56284
187356
56285
187357
56286
56287
56288
56289
56290
56291
56292
56293
56294
56295
56296
56297
56298
56299
56300
56301
56302
56303
56304
56305
56306
56307
56308
56309
56310
56311
56312
56313
56314
34677
34678
34679
34680
54747
54748
54749
34681
34682
54750
34684
54751
34686
54752
34688
34689
34690
34691
54753
34692
54754
54755
34693
34694
34695
34696
54756
34698
54757
54758
34699
34701
34702
34704
34705
34706
34707
34708
34709
34710
34711
34712
34714
34716
34718
34719
34720
34721
34722
54759
54760
54761
54762
54763
54764
54765
54766
54767
54768
54769
54770
54370
54371
54372
54373
54374
54375
54376
54377
54378
54379
54380
54381
56315
56316
56317
56318
56319
56320
56321
56322
56323
56324
56325
56326
56327
56328
56329
56330
56331
56332
56333
56334
56335
56336
56337
56338
56339
56340
56341
56342
56343
56344
56345
56346
56347
56348
187429
187430
187431
187432
187433
187434
187435
187436
187437
187438
187439
187440
187441
187442
187443
187444
187445
187446
187447
187448
187449
187450
187451
187452
187453
187454
187455
187456
187457
187458
187459
187460
187461
187462
187463
187464
23663
187536
187537
187538
187539
187540
187541
187542
187543
187544
187545
187546
187547
187548
187549
187550
187551
187552
187553
187554
187555
187556
187557
187558
54771
187559
54772
187560
54773
187561
187562
187563
187564
54774
187565
54775
187566
54776
54777
54778
54779
54780
54781
54782
34723
34724
34725
34726
35103
35105
35106
35108
35109
35110
35111
35112
35113
35114
35115
35117
35119
35121
35122
35123
35124
35125
54783
54784
54785
54786
54787
54788
35126
35127
35128
35129
35131
35132
35134
35135
35137
35138
35139
35140
35141
35142
35143
35144
35145
35147
35149
35151
35152
35153
35154
35155
35156
35157
35158
35159
35536
35538
35539
35541
35542
35543
35544
35545
35546
35547
35548
35550
35552
35554
35555
35556
35557
35558
35559
35560
35561
35562
35564
35565
35567
35568
35570
35571
35572
35573
35574
35575
35576
35577
35578
35580
35582
35584
35585
35586
35587
35588
35589
35590
35591
35592
166820
166821
166822
166823
166824
166825
166826
166834
166835
166836
166837
166838
166839
166840
166841
166842
166843
166844
187567
187568
187569
187570
187571
56540
56541
56542
56543
56544
56545
56546
56547
56548
56549
56550
56551
56552
56553
56554
56555
56556
56557
56558
56559
56560
56561
56562
56563
56564
56565
56566
56567
56568
56569
56570
56571
187643
56572
187644
56573
187645
56574
187646
56575
187647
56576
187648
56577
187649
56578
122114
187650
56579
122115
187651
56580
122116
187652
56581
187653
56582
187654
56583
187655
56584
122120
187656
56585
122121
187657
56586
122122
187658
56587
187659
56588
187660
56589
187661
56590
122126
187662
56591
122127
187663
56592
122128
187664
56593
187665
56594
187666
56595
187667
56596
122132
187668
56597
122133
187669
56598
166845
166846
166847
166855
166856
166857
166858
166859
166860
166861
166869
166870
166871
166872
166873
166874
166875
166883
166884
166885
166886
166887
166888
166889
166897
166898
166899
166900
166901
166902
166903
166904
166905
166906
166907
166908
166909
166910
166914
166915
166916
166917
166918
166919
166923
166924
166925
166926
166927
166928
166932
166933
166934
166935
166936
166937
166945
166946
166947
166948
166949
166950
166951
166959
166960
166961
166962
166963
166964
166965
166973
166974
166975
166976
166977
166978
166979
166980
166981
166982
166983
166984
166985
166986
35969
35971
35972
35974
35975
35976
35977
35978
35979
35980
35981
35983
35985
35987
35988
35989
35990
35991
35992
35993
35994
35995
35997
35998
36000
36001
36003
36004
36005
36006
36007
36008
36009
36010
36011
36013
36015
36017
36018
36019
36020
36021
36022
36023
36024
36025
36402
36404
36405
36407
36408
36409
36410
36411
36412
36413
36414
36416
36418
36420
36421
36422
36423
36424
36425
36426
36427
36428
36430
36431
36433
36434
36436
36437
36438
36439
36440
36441
36442
36443
36444
36446
36448
36450
36451
36452
36453
36454
36455
36456
36457
36458
36835
36837
36838
36840
36841
36842
36843
36844
122134
187670
56599
187671
56600
187672
56601
187673
56602
187674
56603
187675
56604
187676
56605
187677
56606
187678
56607
56608
56609
56610
56611
56612
56613
56614
56615
56616
56617
56618
56619
56620
56621
56622
56623
56624
56625
56626
56627
56628
56629
56630
56631
56632
56633
56634
56635
56636
56637
56638
56639
56640
56641
56642
56643
56644
56645
56646
56647
56648
56649
56650
56651
56652
56653
56654
56655
56656
56657
56658
56659
56660
56661
56662
56663
56664
56665
56666
56667
56668
56669
56670
56671
56672
56673
56674
56675
56676
56677
56678
187750
56679
187751
56680
187752
56681
187753
56682
187754
56683
187755
56684
36845
36846
36847
36849
36851
36853
36854
36855
36856
36857
36858
36859
36860
36861
36863
36864
36866
36867
36869
36870
36871
36872
36873
36874
36875
36876
36877
36879
36881
36883
36884
36885
36886
36887
36888
36889
36890
36891
37380
37382
37383
37385
37386
37387
37388
37389
)
;
}
)

// ************************************************************************* //
